0 0 1.444996105369814 4.375874556671404 0.026433279826271062 0
0 0 2.912445241867692 4.257253911682802 1.7027950614942546 0
0 0 -2.965790215904538 2.773462486495901 2.9003817443942608 0
0 0 -2.1218375485602783 3.4855793535914494 -0.2595092648157993 0
0 0 2.9515251491020162 -0.2702161727146749 0.38715547450000704 0
0 0 -1.7170531438916583 4.347274516104717 0.8536805903921362 0
0 0 -1.6126761039535884 1.007546586026717 2.621849820084454 0
0 0 -2.5053944480863164 4.256806083383886 1.4797543236807267 0
0 0 0.21691550434008988 4.175476609299504 1.11648367298896 0
0 0 2.8538937789123944 4.1810525390340105 0.28923123015862423 0
0 0 1.0816882571212663 1.373674782245983 -0.2404862761582907 0
0 0 2.2328157386687506 4.189221524125524 2.5101904209178287 0
0 0 2.0437667024700357 3.3756629613296782 -0.0001017271204906689 0
0 0 -1.6545050803874861 4.323598165290671 -0.16419875504676973 0
0 0 1.848131911474172 4.033146081539571 0.24404653375663887 0
0 0 -0.10853329805705991 4.189816707878048 0.5064006874740165 0
0 0 0.9454890559123079 2.987105537082618 -0.07268156015803146 0
0 0 -0.3983691364251687 1.248567448919335 -0.06579620990559276 0
0 0 1.3221473045211836 4.19637599152709 1.7252912274512169 0
0 0 3.0302901736856045 1.8747556548422302 2.9260371609325775 0
0 0 -0.987687080443072 4.0106832296074355 1.0105669034566975 0
0 0 0.8748923140620519 4.18368917268162 0.817170419083139 0
0 0 2.9666438483338764 -0.036078724471397705 1.4127986175769456 0
0 0 -1.0488328685812944 2.8271242344462695 -0.04167856719097157 0
0 0 1.155008014157712 -0.3038592017223142 1.6638483476031807 0
0 0 0.852411612266649 1.7655367864930298 2.6046621731052797 0
0 0 -0.42530162620568834 2.5549570428328385 2.9422237760101813 0
0 0 -1.0213096540208708 0.0360163798437283 -0.025088467862453334 0
0 0 -2.588754452908768 2.1248881967799798 -0.2578055923498415 0
0 0 -2.4311582695405263 -0.1421389563429885 1.341999845575942 0
0 0 -0.9072912865510632 -0.2182806324583791 2.0335460083049215 0
0 0 0.5073015717636506 -0.09995151442770384 1.4061878905817524 0
0 0 0.8241449007811354 -0.1512610221619519 0.23698292058746048 0
0 0 2.733774385097176 0.2166832518588847 -0.18807938357144927 0
0 0 -0.99933919248598 -0.18424787488500785 -0.16221150184747352 0
0 0 1.7614285888319339 3.71361078321662 2.656609205100071 0
0 0 -0.5333521954726455 -0.10566921800194445 2.6607869572577134 0
0 0 -0.7722898334451647 2.0490688144955147 -0.334247857807749 0
0 0 -0.14171392386763104 0.9762942922388785 -0.13916692776666467 0
0 0 2.321311654432966 4.201396038172466 2.163197313361674 0
0 0 -2.500791868078425 0.9393413556152675 -0.04275273329803031 0
0 0 0.5779769488192676 1.5030931457139616 2.984296841641633 0
0 0 1.1123295270560716 4.21202759380223 2.4381485521898036 0
0 0 3.098509421182447 2.1380893606395954 -0.1614192886508787 0
0 0 0.37328092785721934 -0.3338974779036238 0.0892612203568608 0
0 0 -2.282718280096002 1.1052550334939606 2.8693426627738683 0
0 0 1.36852303264343 0.5931985377290733 -0.08468173796457484 0
0 0 -1.1046442095142175 2.474147536947176 -0.2869762858174523 0
0 0 -1.0988201137080549 0.17325375081533123 2.6209125931146158 0
0 0 -0.912340985718822 1.5478208639498092 -0.23811282667706385 0
0 0 0.19566004846959562 2.83922790782968 2.6647734883332124 0
0 0 -2.521427146888356 0.07512059659149933 -0.39769788384893334 0
0 0 2.9986921552033072 -0.32733049095609545 1.4141527130090812 0
0 0 2.055594457920045 3.307056325647682 2.635348266257433 0
0 0 -0.7149196524488723 4.20842999601185 1.7036494134712536 0
0 0 -1.778776854893743 0.14981028741302593 2.689760294129098 0
0 0 2.9808778492962853 4.164432126912917 0.636349393487808 0
0 0 1.8405312431856018 2.3089840946934235 -0.19927914544163092 0
0 0 1.6023964250915679 1.964705282594088 2.987339438853555 0
0 0 1.6009874864223423 4.294106177641386 2.6743816505360947 0
0 0 2.3061419095171507 4.093354122558316 2.7610229519981844 0
0 0 -0.2726613193894747 3.1095226419562616 -0.09533939593323593 0
0 0 -2.914118725259509 4.26879180618739 1.2597584492463596 0
0 0 -0.6607477894965559 3.155594131671147 2.724088549729657 0
0 0 0.11087638897178476 4.137947306186279 0.7701007191734407 0
0 0 -0.315800806993892 3.405272047792464 -0.3743031462154258 0
0 0 -2.4613530646759005 -0.37087567905289015 1.1597292410060291 0
0 0 -0.8600041883834915 3.679756958821892 -0.13389060570732347 0
0 0 -1.6391632428288636 -0.24320561367652843 2.261828761759086 0
0 0 -0.6651870030688034 3.748238697615783 -0.2577739097500724 0
0 0 -0.49582547814449063 4.0363157320066225 1.1975923490622338 0
0 0 -1.9078937507532758 -0.368216582057616 2.1484643117408373 0
0 0 2.490826433273644 3.8731031011131685 -0.007137434671342036 0
0 0 3.0866290319509524 4.1796420106035415 1.755191837664983 0
0 0 2.4567172926963154 4.052689823130598 1.8688115905468463 0
0 0 0.7402172235832194 -0.3957131558510766 2.3568525301730032 0
0 0 2.602478388512635 1.2253468224629276 2.747596537293325 0
0 0 0.9026070750212645 -0.20910112286886806 0.1574267593584508 0
0 0 -0.019011198197605328 4.355680304042257 1.9192855399772382 0
0 0 -2.349426447467971 4.381626643050196 1.032548983614736 0
0 0 -0.5481754759112505 4.099205722514754 2.7436450988825403 0
0 0 -0.588608152383769 4.327103861877934 2.0088327045898886 0
0 0 1.2643685970556042 3.0806716004843224 2.7999792284262055 0
0 0 -2.920643598750944 -0.1878897251297804 2.288109465564237 0
0 0 2.7387138645559777 3.9208104611162677 2.606120462911067 0
0 0 -1.0168643498118795 4.22783677369593 1.801245805334222 0
0 0 -0.7639166847185552 0.9206627950570011 2.740301008538463 0
0 0 -2.264364850205295 4.352461332091843 0.07067772011877864 0
0 0 -2.624785832961454 -0.1288388807635245 2.4032712620263808 0
0 0 -1.289479969424881 2.397568233959901 2.6631041614451956 0
0 0 -0.09407700205146474 3.8525617470435205 2.8158333776511038 0
0 0 1.0297154332787466 4.214753881347038 -0.05872334076468916 0
0 0 -1.2744140754021431 4.181249502065068 2.2877262634770505 0
0 0 1.1418250697980374 1.7792742603944718 -0.12672577010053654 0
0 0 -0.3395730228869911 3.550933431061381 -0.06373802069262768 0
0 0 -3.0701584531560284 3.849315195743697 2.9239228177508556 0
0 0 -0.4735356386518972 2.1881650653157165 -0.2021148528811083 0
0 0 1.8776204630129207 1.2152543365809572 2.772104486421259 0
0 0 -2.9837023252473354 -0.08782259242287349 1.710472474220725 0
0 0 1.2798540220673535 1.8622104075079209 -0.08312390980548517 0
0 0 1.2556483452829985 4.007243369207316 0.32515395135024167 0
0 0 -2.981282731083396 4.20179645225247 1.4306271852871635 0
0 0 -1.4774105157530806 4.254407806268399 -0.12539323044198042 0
0 0 0.12538183868461283 2.7073131470073597 2.8023680858325553 0
0 0 0.8679723518294242 2.3158935147893622 2.7939305860405 0
0 0 -2.7201944137861873 -0.35720272958174565 -0.06555536106605431 0
0 0 -1.5736994940726772 -0.31982952473815285 0.5133165013922288 0
0 0 1.841449022217204 0.5719360118889338 -0.29129508261866577 0
0 0 -2.079542865179345 4.349879210618721 2.615111219732808 0
0 0 0.33540963400591783 2.1382423802575303 2.6116468782693696 0
0 0 -3.061302913054423 0.4928590874292703 -0.2938543552260473 0
0 0 -0.1041189572765413 3.9144706301961567 2.9017886785261995 0
0 0 -2.812012900971346 1.9165712802063402 -0.01952243126736891 0
0 0 -2.498463533765275 4.099015525223494 1.050491452728428 0
0 0 -0.14861311283550283 0.550701056486554 -0.2481388199555503 0
0 0 -0.2927691359362061 0.4576390059121994 2.779383732659421 0
0 0 -2.0324981463891616 1.403002065291334 2.708587905278238 0
0 0 1.8187698870508653 4.297390869543328 1.3956862955841522 0
0 0 1.0142599036206636 3.2676245304169567 -0.23827141603312474 0
0 0 0.856403806174094 -0.018281733244134957 0.3134299379789821 0
0 0 -2.4733918174266685 4.0540942431915505 1.9569531480193765 0
0 0 -0.900370948734369 3.303108714811837 -0.27888693001254367 0
0 0 -2.4075325419476994 4.018161969723499 1.7326754925064283 0
0 0 -0.2593414968510839 4.325425475442611 2.747720612027566 0
0 0 -2.662757087455257 2.3423732326785327 -0.266104561772156 0
0 0 -2.1080976468078823 4.260817921733591 -0.2040893358448409 0
0 0 2.5695116062882795 -0.313247155646049 0.8765295082843058 0
0 0 -0.2666282815890786 4.172265320785897 0.700300605209263 0
0 0 1.7349323565157428 4.2904246501168215 1.9780045146317355 0
0 0 -2.2121714940149686 4.170890269801131 0.11443287401183884 0
0 0 -0.20752479209736086 4.324767427371965 0.5790495190158096 0
0 0 1.0679135730982035 1.1262090129471916 2.6971690318334516 0
0 0 -3.0461956477826915 -0.05542242459865726 2.982470675478787 0
0 0 -3.0777894980538987 4.217355260699816 1.7729420328251744 0
0 0 -1.8646934812249665 -0.042638398751393636 2.6379601409192337 0
0 0 2.9844949752746164 4.382218685241787 1.4538292492473075 0
0 0 -1.2106593930630376 0.029987653535097414 -0.03596805889637622 0
0 0 1.6405420789189957 -0.026098142941110736 2.456586878082022 0
0 0 1.9327749415676703 3.3408058246239443 -0.19243691902571453 0
0 0 0.8533448420914604 -0.07897127932755743 -0.24711096731156848 0
0 0 2.7604950533215096 2.5262725270745774 -0.11738375704188764 0
0 0 0.2166015799770422 4.267590332215147 1.3055306379856315 0
0 0 3.059347648330151 2.4135757345637416 -0.20244579045523894 0
0 0 0.018493414604852987 0.48709688005019414 2.7937692694653755 0
0 0 -1.8333482048158718 1.5550538321317209 -0.17140167095984957 0
0 0 2.453400141216326 3.8490862115436673 2.9906494347017594 0
0 0 -0.8995018404550801 -0.34617818044194804 2.0322747226595665 0
0 0 -0.052315630035798755 3.0660859767377717 -0.20048169406643984 0
0 0 1.085622953849951 4.0613957302299335 -0.3334329009336336 0
0 0 2.676077262733828 1.622512966643752 -0.2792800235165759 0
0 0 0.8059028665632004 -0.3403523736179407 1.491297245309363 0
0 0 -0.3656261759667778 3.0679368426994555 2.6497536860295985 0
0 0 2.6094881201218687 4.077284626336722 -0.11763859898798851 0
0 0 -1.2804269923486664 -0.1838821230926807 0.1904710524749455 0
0 0 2.2604489067785645 4.294404445561865 2.9586367800751296 0
0 0 1.2546182842290587 0.3059959839703553 -0.07344406517736596 0
0 0 -0.037792912354946306 2.6675165440000232 2.830878790308044 0
0 0 -0.18739946388931328 -0.13425842963226287 0.8449348665472884 0
0 0 -2.8104004146760926 -0.05011355560313763 0.2698187107251154 0
0 0 1.4399342580270442 4.139544053698418 0.09961794766166619 0
0 0 -0.6223849660990353 3.3443759008102245 -0.07404655239751806 0
0 0 -1.3241742508938776 -0.023150450846476267 -0.1037239874281426 0
0 0 0.3994148295631228 4.024004458462203 2.3146076902943467 0
0 0 -0.9419312745658224 4.167233352040097 1.1185339423526162 0
0 0 0.6355640904020121 -0.36149507502988354 1.3533024175674941 0
0 0 3.1254365550728256 -0.22035281998082407 0.29372454858958985 0
0 0 -1.8632424490616326 -0.09209686798099054 0.04747140519667641 0
0 0 -3.019892716574949 0.8606614909508997 2.9516198193640824 0
0 0 2.7306490450312344 1.7434606542612925 2.791689511894336 0
0 0 -0.41911219881863904 2.1283995552544392 2.9510888000290403 0
0 0 1.4400378593666128 0.005037465297983379 2.7106352479361733 0
0 0 -1.4754202666833547 2.0671967091386105 -0.34235406503350607 0
0 0 -2.9978456320612943 4.240161131466752 -0.2990015733959724 0
0 0 -0.18261107065022442 -0.36750573359198335 0.536201430990289 0
0 0 -0.1781269927706215 1.3623290708646825 2.7377603641208994 0
0 0 -2.157162084394969 -0.18060913405152465 -0.27870715336298074 0
0 0 1.940758310500982 4.073513511107089 2.252103892609961 0
0 0 0.8621583113524949 4.186202242237716 1.1446870494152463 0
0 0 -0.06203139617615472 2.5551546577307813 -0.38102359124189217 0
0 0 2.977685139243909 4.088426986367243 1.5890694435835175 0
0 0 1.717978991374534 2.451900913942091 2.7602502981815844 0
0 0 0.8501227873842074 3.3760189090818487 2.9813530817332574 0
0 0 1.798845165629671 4.167246163695538 0.7108761336712873 0
0 0 0.5839038694809431 4.273020407942818 1.5658320646029023 0
0 0 -0.3552101016767151 3.3963204598861854 -0.2045251282169193 0
0 0 0.4567833052949122 4.213856910567224 0.47363895882244567 0
0 0 0.9364107315997083 -0.06913213907423343 -0.3492272918720243 0
0 0 -2.8590124115671998 4.3047627056022915 1.3802547786629056 0
0 0 -2.356762953864924 4.195005604340465 1.0076909812326131 0
0 0 -0.5962543717017148 -0.025334735300126532 0.015173682602586336 0
0 0 -2.991139935250518 2.1916192395083476 2.6502637423377147 0
0 0 -1.5068655913351254 0.9914469012096468 2.613386180587318 0
0 0 -0.3293353940850037 0.6972253291307254 -0.0029350955369227827 0
0 0 -0.13409697074240912 2.109531443558558 -0.2941386501713971 0
0 0 -1.2642183318499027 4.1665961159887726 2.752222397976347 0
0 0 -0.06748225942976838 4.3326041146453145 -0.24317926933915485 0
0 0 -2.231571993050192 -0.08943388632483718 -0.022692323348022847 0
0 0 2.738418899832939 0.15372295520169466 2.9482787789134113 0
0 0 -2.6286812040542786 4.026265468866725 0.45836135443833415 0
0 0 0.060895734242036426 1.4099581805388572 -0.09094081447649588 0
0 0 -0.267014400833709 1.3885373803702814 -0.11927508651497026 0
0 0 1.8132851182123435 3.1344170450439797 2.876288351490448 0
0 0 0.3957371514691186 -0.08440292413624312 1.2892349219131631 0
0 0 -0.27503045853063757 -0.034183969824382376 1.7110587393003729 0
0 0 -0.8669978064613262 4.178392827378722 0.07819484257732918 0
0 0 2.2266432768678444 2.2784574206481474 2.933032072947889 0
0 0 -2.192207143925184 1.4018030776605346 -0.19405419305694008 0
0 0 2.020325198821369 0.7343584184153497 2.6287993348125456 0
0 0 -1.781179838148861 -0.060770760968225424 1.5239992066896995 0
0 0 1.210425125645644 -0.29291763031738505 0.5480890172328396 0
0 0 -1.279974886082783 4.141036918646279 2.3769456533812527 0
0 0 -1.8615904728723174 -0.058827117721019895 2.8085573256126963 0
0 0 0.9024180713836261 0.8441097658087214 -0.0461880935351317 0
0 0 -1.7805707097054044 4.073985165701292 0.9716705569700185 0
0 0 1.5636977057614159 4.310726583971894 0.7203900200578095 0
0 0 1.750815523566386 1.3015393872627712 -0.3720512123000939 0
0 0 2.1957494041005887 3.9677942073015653 -0.3099933330491302 0
0 0 1.7133315940538596 2.3145427755976327 2.912266173106698 0
0 0 -3.0129663870488423 1.0519370951968252 -0.22801194014938866 0
0 0 -2.607169782617281 -0.007471048553793602 2.302390612829496 0
0 0 2.408883582852696 2.5350918014812356 2.640241528288417 0
0 0 -3.0513156582405614 2.4938335532773563 -0.1212129485409919 0
0 0 -0.9370108325455249 0.018803698205864472 -0.3359987167501873 0
0 0 -1.1117776262361785 3.2651843564081173 2.6215319334217297 0
0 0 1.9759827942076145 1.5095459181053834 2.8617311831839976 0
0 0 -0.9924451429203058 3.1793384962216718 2.615588880237813 0
0 0 2.7725697799020557 0.01327164839264322 2.8315079088623465 0
0 0 -2.8668354931332596 -0.1756268143371168 1.9943273059063926 0
0 0 2.3635239813116584 4.277169534563055 1.7464922686039424 0
0 0 -1.1871432025858895 3.193800382486214 -0.37700940843315056 0
0 0 2.5470548027894786 3.109710732580171 -0.12054775282177171 0
0 0 -2.2435467194066914 0.9668874926532408 -0.394430559751194 0
0 0 2.628123884614685 2.9548367571978975 2.7266001722328204 0
0 0 -2.661505587778874 3.6671149027269263 -0.16786837436488689 0
0 0 1.0775926037181707 4.307287208784777 2.810664733585758 0
0 0 -2.91699525295632 -0.1407465367531231 1.225878472424291 0
0 0 -2.9195779125675747 0.22313901722090435 2.9967567073836365 0
0 0 1.5685281686687418 3.5161840348644464 2.806548849811469 0
0 0 -2.2915651814303057 -0.008370655531288018 1.1660944613324888 0
0 0 1.9533132240924616 0.3569909334890107 2.63594150383045 0
0 0 -2.1732497978609677 -0.2241302861098806 1.04459607362871 0
0 0 2.791108155131787 0.2250774140888515 2.7418909338398287 0
0 0 3.0093859053146454 4.384225234860638 0.692668789929324 0
0 0 0.8013603434433971 1.3788918909368824 -0.05489625094312628 0
0 0 -1.3539188956928359 2.5209772280236953 -0.3001215925195459 0
0 0 0.9647423700457507 -0.26174180296760663 0.9740817326845529 0
0 0 0.9902600700695539 4.282018638809449 2.949254545478562 0
0 0 0.7993407152556329 4.250385400422388 1.584977115740915 0
0 0 -3.1156260653377417 -0.01911164117997488 -0.282350916845152 0
0 0 -2.603149644160112 1.857841528637291 -0.3783179164597313 0
0 0 -2.8211683156505765 -0.15489154064762692 2.5232779554090983 0
0 0 -1.779574925815667 -0.247091071799011 -0.3517487521409253 0
0 0 -0.438297463146585 3.909195093504923 -0.13042577962281698 0
0 0 0.05567493682445113 -0.33440376542696215 1.5256099075600666 0
0 0 -2.043324356688194 3.8006364497639775 -0.09405289748911722 0
0 0 1.466794708166506 4.315176221340987 1.9938331856599978 0
0 0 -0.22637397256918046 -0.3184392602616906 0.18764088533501788 0
0 0 0.7351655267392534 0.441314531576804 -0.16770001210821822 0
0 0 -0.7296269265123918 4.3499013064296355 2.886159854062984 0
0 0 1.5559346392600633 1.4301896365177345 -0.2461513797451588 0
0 0 -1.9378687531772547 1.220694012650143 2.878994902293816 0
0 0 -1.3388138418261646 4.3719591341415756 0.7633964882557231 0
0 0 -1.1934211676046285 -0.2634362410961426 0.7540208971584389 0
0 0 0.5704438516699009 3.8479675083056004 2.636370606706258 0
0 0 1.6761387491197137 2.702649551301249 -0.03616283928956082 0
0 0 2.057914981916661 1.3984702463767427 2.6915980656465552 0
0 0 -0.9030375238788384 3.970804298903356 -0.1823223591130037 0
0 0 -1.1225650984936704 2.26113403045904 2.6243313629089364 0
0 0 -0.9486174514186931 3.3583701068606095 -0.1961963483520152 0
0 0 -0.24109912764693764 4.395015664364857 1.5587307285202527 0
0 0 0.12117465855732634 -0.39082940206333827 0.48283047421491276 0
0 0 -3.107115687687123 4.265635073041454 2.9667918028167812 0
0 0 1.2172907611557457 -0.34481463174312293 2.631960866794641 0
0 0 -1.8329609851380124 0.9532646826410346 -0.11924597498404127 0
0 0 -0.5662159084634859 1.6059152038283755 2.836156787562087 0
0 0 2.3027123924033797 2.493085702701431 -0.15343582285010227 0
0 0 -2.3106109735048075 3.1863380964790444 -0.005278849450854495 0
0 0 0.7536019492941346 1.8788759170820692 2.7056205855537536 0
0 0 -0.016987066137469586 2.744539778062679 -0.010497242498601456 0
0 0 -1.5485437273718226 4.3208585334317835 2.0240297881242717 0
0 0 -1.3001680790685226 4.204343652571752 1.1760697292124656 0
0 0 1.6318016034991567 4.309344031140851 -0.0018314415291564856 0
0 0 -2.462862141701653 -0.1958401045235231 1.9168471909087748 0
0 0 1.7675438675309607 4.061055004503491 0.34062939836419953 0
0 0 -0.5208816622916417 0.06803489865739504 -0.29246429885771646 0
0 0 1.7870450229185746 2.1009502707412344 -0.28373938004201055 0
0 0 2.3673042508157476 0.9682667987908332 -0.25676411938635124 0
0 0 -0.7013936920890651 3.2029079600944192 2.7846061766586647 0
0 0 -2.982582714593356 3.664736850017331 2.9796027839370356 0
0 0 -3.1405389944395408 2.3450270381973697 2.731468607635966 0
0 0 2.2045609855213772 3.87476643673407 2.7688366107077766 0
0 0 0.4378739995583816 2.604276860163336 2.798387449248245 0
0 0 1.096173002771347 2.4414391556615778 -0.36107696597887706 0
0 0 -0.1138734055746835 1.6310354897241695 2.9697467502686754 0
0 0 -0.04517674909511138 4.369935360455113 -0.11247620963160504 0
0 0 1.7894637917287373 4.181176933456878 2.8099905459510106 0
0 0 -1.9502077081265707 -0.03774370447987291 2.505415253730852 0
0 0 2.1377708903403114 4.374284201290693 -0.3587117919177001 0
0 0 -0.7371108591899871 3.215758259100093 2.9042514912241137 0
0 0 -2.2473587283009495 0.5184485104922432 -0.3328193827622292 0
0 0 -1.983650849893124 3.9804448121843152 -0.17883310927139764 0
0 0 -2.698910785304045 4.221737997490529 0.047388939644905384 0
0 0 2.352370803003912 -0.22989598917576048 2.41761213015938 0
0 0 0.9896853920337572 1.5941963109744406 -0.24900368271789866 0
0 0 2.9522946568724446 3.1356111916099434 -0.2720199641146102 0
0 0 -0.487109491924004 0.466150963938711 -0.03899295824026028 0
0 0 -2.001031449384626 4.1873894548756 0.4500404648042212 0
0 0 -1.4023212015669686 -0.10111369331057474 -0.1999782477222432 0
0 0 1.9799798969416598 -0.10338987756677076 1.149216421019738 0
0 0 -0.9409102166117642 2.25715352235676 2.9857548932713973 0
0 0 0.9147742348903005 2.5301655870829594 2.658468898444046 0
0 0 0.5938557287069264 0.9131862875138305 2.864296895925609 0
0 0 2.08569736062421 4.366199711729469 -0.19844974003166205 0
0 0 0.8761423718745425 4.136205029421236 0.4422908876215616 0
0 0 -3.0176408649082282 3.5490552780191407 -0.34775035247477404 0
0 0 1.4409054361787828 0.24077347656311143 -0.04390874477421536 0
0 0 2.4146367735040446 -0.07003029219774132 0.6296059389997766 0
0 0 1.140867042686593 -0.029575888482296697 0.7063203928087936 0
0 0 0.6347177598189835 3.204924185119967 -0.12585835233750325 0
0 0 -3.1407267387373197 1.489579355154373 2.9601188466256216 0
0 0 -1.9667056976919726 1.707302823179528 -0.3978449380185785 0
0 0 3.138989957420285 0.09008976451350059 2.7804643814589918 0
0 0 -0.13062633773845045 3.4191797348111663 -0.21882897461832404 0
0 0 0.8166469020076939 -0.2252229284065555 2.2088687737673953 0
0 0 -1.8941828249509873 -0.09887803353863622 2.0112818125820047 0
0 0 3.063356637631572 4.170405152348863 1.038940855792892 0
0 0 -1.0911535444251954 -0.29362516869994687 0.7743626881095433 0
0 0 0.5826794574244221 1.0708095502745523 -0.2801191162317893 0
0 0 -2.3126501086714 -0.16901150024522182 2.939557957965704 0
0 0 1.9841240268781437 4.287411625627424 1.1157026261919902 0
0 0 -0.5688833154230668 3.6726917488079986 2.6430322126916597 0
0 0 -1.3254240767391114 2.545131932155411 -0.08560922339087146 0
0 0 -0.09528878542784724 4.250261798881046 1.0953461340034667 0
0 0 3.040168096304523 4.389940847650552 0.0659585112807128 0
0 0 1.2439173687133236 4.053080206652867 -0.34884285734191 0
0 0 1.3163594059207488 -0.38060096965753343 2.5531383557129153 0
0 0 1.1621478313908318 3.4960259819775525 -0.37549108333426784 0
0 0 2.9233744591851227 0.5809419067838483 -0.14594537632058374 0
0 0 -2.914447585520347 4.145435367282704 1.3325222771573644 0
0 0 0.10664109389028864 0.35112002634666084 -0.031795521064174825 0
0 0 -2.5954175878891164 2.7019257580030787 2.7820918648848454 0
0 0 -2.5930748219869915 2.637555857593438 -0.04435815399695453 0
0 0 -1.8628075123903387 2.689352272891036 -0.11633468803377872 0
0 0 -1.0368011400395782 0.8052267065192212 -0.2856606779379191 0
0 0 0.34290001033453876 2.738995810976368 -0.11495043229068419 0
0 0 -0.7309801285750468 4.172772380500545 0.07413602359167015 0
0 0 -1.20939765583848 3.8076910181586414 -0.31879269344034583 0
0 0 2.824722963854435 1.4273446199885367 2.867732274017918 0
0 0 0.4007055107775672 2.2120014297537796 2.6925271989076345 0
0 0 1.6738459159332946 -0.08285267598321722 0.41910093260065756 0
0 0 -0.7025464139392152 0.6597919959888096 2.836960566076553 0
0 0 0.07011316779159182 4.111417559474469 0.5095705636206783 0
0 0 -0.5546816351722788 4.12558305239212 1.106449203855592 0
0 0 -3.095939115421572 0.34909085702387344 2.8699517400424064 0
0 0 -2.631101413209481 3.706017836749996 -0.17521795585595357 0
0 0 -1.523205468893373 1.3526230153909773 2.828638691092174 0
0 0 -0.0737971566650093 3.6924102664810126 2.8982077251697174 0
0 0 3.0534802255661617 3.9049909422617977 -0.3123372867774421 0
0 0 3.0372464718385244 1.0337711654855086 2.688311665812595 0
0 0 -0.023008623445699428 1.4476045115713685 2.860417630827859 0
0 0 1.0780418180957776 2.916492266832041 2.685075665059096 0
0 0 1.7112714203183046 1.606767872587728 -0.23221719484560782 0
0 0 3.097353241277786 4.191478028719321 1.2034762359607156 0
0 0 2.0130024387638956 3.3448111600730015 2.83467304070992 0
0 0 -0.297690182355542 2.6965564678454457 2.7954996115996527 0
0 0 2.433146807793367 4.205068346381208 -0.3557724541727629 0
0 0 -1.9136728083491696 4.060222956115738 1.327277921682423 0
0 0 -0.005999523094441628 2.601769837495379 -0.06625944751437329 0
0 0 -2.6159762734039766 2.567537359878514 -0.10579037117907808 0
0 0 -0.36386657834353286 0.5500927420190409 -0.37539241135734486 0
0 0 1.4452316309959752 3.7853934363466064 -0.23941454947964194 0
0 0 -0.40589367591321546 1.2743598644315495 2.7810053224847353 0
0 0 2.8293062815276953 -0.11598459409443806 0.021004093832377557 0
0 0 1.7123629242387084 -0.3331906419057005 1.3051725640020049 0
0 0 0.5293842985152573 2.135408788920168 2.652860405700102 0
0 0 -1.0184524657189846 1.68428842609298 2.9276263965989386 0
0 0 0.6454454424065625 2.840727602788055 2.9986794163919135 0
0 0 -1.36637008338566 3.7863728398793204 2.635948619245102 0
0 0 -0.37451599047592143 1.0896648351815639 2.723712178898694 0
0 0 1.097596930970525 4.06500922269092 0.6972191908697809 0
0 0 -2.7854833904572542 2.4578674145430326 -0.3767123453779564 0
0 0 -0.6301132539102237 0.6278703030830092 2.95323709717657 0
0 0 2.801737481182359 4.3784103522596425 1.2310046685842564 0
0 0 -0.5346901148329035 4.007539213948067 0.8491033864410514 0
0 0 -2.1294811430620886 4.290401452724227 2.475875198689902 0
0 0 2.9321876672107168 4.12621247723083 1.222056986789112 0
0 0 -3.103765752898329 1.0190999387397919 -0.3264098028947271 0
0 0 -0.8287300170231977 -0.1419807706198873 1.2323029273139914 0
0 0 1.4830765636194974 2.4396879786022065 2.6305285777939087 0
0 0 -0.40228691163515196 -0.39618126179765756 1.4222904663022637 0
0 0 -1.8126036160095367 -0.39421781188411553 1.3877976618139107 0
0 0 -0.09306492818532375 -0.02742635168955837 1.3750463082359436 0
0 0 2.553294049146494 -0.32219439141907646 1.4653669938680756 0
0 0 3.0081098718172417 2.7224492796033024 2.8227020461454173 0
0 0 -1.5599118410641308 1.1134130206654915 2.838711573206635 0
0 0 2.2858419339453437 4.227523736698015 1.6991763963904523 0
0 0 -1.795516320711265 2.5664721807024735 2.9794021657166274 0
0 0 0.48204295493077387 4.216779036842204 1.723050184266175 0
0 0 -2.9240730005353024 0.15752245305425616 2.8002227538132782 0
0 0 1.9451404474858451 4.1305026394829225 1.7368499871941263 0
0 0 -1.3193759733722978 2.515134202234409 -0.06335827964414797 0
0 0 -1.695747971758787 0.8151155407984189 2.6547615663908792 0
0 0 1.2314441488531713 -0.05914866903340654 0.91501525078856 0
0 0 -0.5792863397476737 4.0852396273266995 2.7731333462258485 0
0 0 0.754716532687723 4.221989643040705 1.816397477048329 0
0 0 0.1628197335284809 3.782310237131552 -0.14330638437489923 0
0 0 -0.5005843274697135 4.173927806105244 2.050734299981849 0
0 0 1.5066464378439948 0.454747285283442 2.786742178011885 0
0 0 1.387609787015954 2.036047483771397 -0.20129805157117775 0
0 0 -1.4096941870243294 1.9305600303573631 2.8219334102653257 0
0 0 0.41267232522411446 -0.38653203748225384 -0.34644358189455976 0
0 0 -0.2903813800434625 -0.15852048434195296 0.25268706742128116 0
0 0 -1.6110711403161313 4.0840506573282624 1.71783931551964 0
0 0 2.074332217024513 2.0039996771055724 -0.05307912879655885 0
0 0 -0.3955132571645694 4.080968008893789 2.6386930178083707 0
0 0 -1.1447382972395603 2.784115230906647 2.6152106876052277 0
0 0 -0.1282159950725732 -0.2541945719580201 1.7345167532314612 0
0 0 0.31020589852499736 0.950637663889096 2.68730975554616 0
0 0 -1.1948236871777709 4.382950428027603 1.0247578182238695 0
0 0 1.682376925299561 1.0093317653423144 -0.1246869506856631 0
0 0 -0.6329538984338825 0.9843675679229565 -0.1467772761485691 0
0 0 -0.9288122701103214 1.3554324689122588 2.8247356904368655 0
0 0 1.4258345895091065 1.465499709106242 -0.12258766133000198 0
0 0 2.0443420827125847 1.6683008401292545 -0.26535171935993246 0
0 0 -1.6250672592457818 0.015536937559501196 2.8103589981276893 0
0 0 0.1808371346179385 -0.08781171749739547 0.7221963400464877 0
0 0 -0.5936719696662283 3.635268888734679 2.615123047684268 0
0 0 2.346713550015525 -0.1980645350832834 1.535069762317247 0
0 0 0.5084277594671591 4.311387840406814 0.880693319243655 0
0 0 2.8544250489695475 4.149900738119435 -0.2780284320467451 0
0 0 -1.7684660834634678 1.2229607688504927 2.9316537458154164 0
0 0 -2.6374844907968256 2.393355379802201 -0.17229649823901935 0
0 0 -1.526533643130323 -0.08996270098187586 1.0282873664514571 0
0 0 2.6458493851484937 2.4002238983437256 2.904573102174441 0
0 0 1.9616071525349748 4.040716985356188 2.6642933980197623 0
0 0 0.912078569150923 1.662781411780128 -0.14861912843315683 0
0 0 2.493969710003876 3.5066806610987875 -0.061707757219246595 0
0 0 -0.5240714563865825 -0.16188298332204165 2.0739178784423684 0
0 0 0.02907810635617958 3.490195877041182 2.922358792032822 0
0 0 0.3306286316791369 3.8080694449205654 -0.08013319967833155 0
0 0 1.2715972799851318 -0.13371386707243144 2.4424212373603646 0
0 0 1.430180183608874 0.1241196152374866 -0.3848364769414178 0
0 0 -2.1930258394335596 -0.3497709729098514 -0.29849003895654946 0
0 0 2.5263438750342706 2.2403436932210448 2.7416953555758967 0
0 0 -2.0775571958755297 4.11859352230563 2.131649928823505 0
0 0 2.4838244757314403 1.9212849596455435 2.697542596886489 0
0 0 -2.1220932666449857 0.2854234488651637 -0.21913744921702993 0
0 0 1.1017360229355049 2.5745751958228626 -0.2339614361550719 0
0 0 0.10846784810681775 1.8204745386101489 -0.19460788449461078 0
0 0 2.4091497256884757 4.306878794251245 0.2608096552269326 0
0 0 -1.304184903135226 2.2871969070703653 -0.14093462790914468 0
0 0 2.5891551097523493 4.074212890227444 1.378076256836051 0
0 0 -1.3413314691520253 -0.34631653813487495 1.4785349000778387 0
0 0 -0.428020317519783 4.344067540325934 2.1103986034792865 0
0 0 -1.871866190441877 2.3159565141482314 2.7705648821964863 0
0 0 1.6049174519375624 0.5025908024738456 2.6327594263697476 0
0 0 2.5598409632565673 2.111691592210919 -0.06051018840410205 0
0 0 2.8741397444027603 1.54477949423074 2.9923449638765893 0
0 0 0.6762105391844648 -0.2329291079393739 2.700024913058958 0
0 0 -0.37245002171186314 3.4482380680768596 -0.02616861079512056 0
0 0 3.100798885304636 0.567540081386655 -0.19828147724455408 0
0 0 1.7672230799532702 1.4264205047557263 2.706584982812285 0
0 0 2.187191880610488 3.8947777108292594 -0.15123581555196086 0
0 0 1.7212872194810203 2.553516717648283 2.652215440537328 0
0 0 2.225576339627932 1.4429854305975578 -0.3007293197784906 0
0 0 -0.5548589808458328 0.2787647492920218 2.683080860592911 0
0 0 -0.5316400253406992 4.216702047286922 1.2627092056214768 0
0 0 -3.1258331464377185 -0.22578209557173748 0.9380392197438779 0
0 0 -1.2088794296815921 -0.2129545300484421 2.330122046416016 0
0 0 -1.2743275590432919 3.0877991543606256 2.848784221964785 0
0 0 2.7515258000994898 -0.22738997394122037 2.552545308053476 0
0 0 -0.06390670081748384 -0.3674237409552758 1.4622775666559158 0
0 0 -2.525924989322853 3.590036254652787 -0.31805187102807764 0
0 0 -2.1947864289105343 1.6760488632588162 -0.14738323830593814 0
0 0 2.4543921507876556 -0.2510483593249585 2.6067526983583864 0
0 0 1.8987533776853072 4.313678493121945 1.707305090455453 0
0 0 1.1727509045171711 -0.2163990060181714 2.4716642509933413 0
0 0 -2.1855199417809152 -0.3113915593363101 1.0594404525229304 0
0 0 2.5668582301195633 3.2119528052481843 2.6061100062692626 0
0 0 2.2630865834358245 4.213382810921606 0.8905838805127059 0
0 0 1.7147415545929672 2.019524908047107 2.858807322709083 0
0 0 0.08580024396120534 4.388660399085028 1.6191658023445619 0
0 0 -2.5592315602350144 0.22991278309193364 -0.22587142007213937 0
0 0 -0.6854539829732129 0.30583809899727643 -0.06324378799916575 0
0 0 -0.46629198347487444 -0.18084116367026296 2.9307680449636777 0
0 0 -0.9131690393494174 3.750595293447357 -0.3624009016510556 0
0 0 -0.856562287325422 4.367033688032602 1.8444135725173962 0
0 0 0.6476764336520011 -0.09886304582914895 1.4325750121066523 0
0 0 0.6677714953548985 3.3228808079080534 -0.0014167960723465156 0
0 0 -1.4131279192722837 1.3045778844449964 -0.008555272033443528 0
0 0 -0.2697612660479689 4.218661015926422 0.35500769209348343 0
0 0 -1.040911463806502 4.103745226161243 1.9300926049894558 0
0 0 -2.9927249926631454 -0.3792609138676193 1.4815096219618311 0
0 0 1.8091454923507717 1.4494182288874131 2.6190775244878433 0
0 0 -1.3553138409922958 -0.05982697153681438 0.018934745305852863 0
0 0 0.03294438158410484 -0.36465628724507293 1.1277803584232493 0
0 0 -1.7569575558163801 4.21727291810836 0.24523433394861363 0
0 0 -0.95668427143121 -0.2643459264111822 -0.02270814594935816 0
0 0 -0.5656312831951431 3.1763751356037333 -0.20385107836785116 0
0 0 1.3242157930501293 0.9437489254992305 -0.14605863167492045 0
0 0 1.8824531525728894 2.2590485775358995 -0.13761647859934317 0
0 0 0.656369140000904 4.053155719352255 2.0546119987709153 0
0 0 2.4233956799731775 4.378836618150556 1.2594998565542204 0
0 0 1.4474016717620977 0.8611470741657757 2.937274665986269 0
0 0 -1.2422090846627998 4.136804893618034 1.410469990348745 0
0 0 -0.8740001172451057 4.076354645360199 0.043629131193106234 0
0 0 2.0761735522998297 4.182433939567853 2.891833388358882 0
0 0 -0.8525927011689363 2.85618077184165 -0.10096410679938711 0
0 0 2.9560209657725487 -0.3676044659155723 1.0322319091972836 0
0 0 -0.8383888014856042 0.9433231020613427 2.983812200839698 0
0 0 -2.643493774177449 4.257651090890371 2.143210918867186 0
0 0 1.3686168485177488 -0.39702490990366196 0.9017329717570137 0
0 0 2.7948360313039187 -0.2533894158821418 2.03395946609131 0
0 0 -1.5010084632673695 -0.3686673220659811 1.9628119368324164 0
0 0 0.8089667213480545 4.108812405087801 2.7247046263128483 0
0 0 1.2151463033337109 2.391867729655725 2.8620842915193028 0
0 0 -0.9917813361093692 3.453315274947839 2.6519708985927104 0
0 0 -0.9958487994315566 3.3225916960024238 -0.09943117625041198 0
0 0 2.7904262863979774 3.400945023944818 -0.3068387198925089 0
0 0 2.620767101396079 1.1543037665467102 2.9398225231313795 0
0 0 -0.8778263500123575 2.585952341331798 -0.04797014537627825 0
0 0 -1.4935711115509946 1.698206774087892 2.982284408793496 0
0 0 1.2095973985651503 4.059081562080662 0.9716316020795462 0
0 0 2.7543840875448833 -0.2629417871524625 2.4081634319812384 0
0 0 0.6088609510843286 3.0381868648943797 -0.22318373641140632 0
0 0 0.5457723820710934 1.0267210908952649 2.624687875375982 0
0 0 2.0621292217412 0.14199105099052844 -0.17864483149280846 0
0 0 2.334434977778969 -0.19118757867131728 1.9375408882489717 0
0 0 -1.6803215003819127 -0.18128238246507059 0.22251500694854942 0
0 0 2.858455843359822 0.2259034395353502 2.9654276702248734 0
0 0 0.6622521866646291 2.410302367593271 2.637847329529794 0
0 0 -1.7939287739503913 -0.04864873310327644 0.9894408862059204 0
0 0 0.13895541174964032 -0.03570663040240529 1.8225692197147503 0
0 0 0.7804750816120705 1.551741995899825 -0.3401349669707593 0
0 0 -1.8949077587085272 1.5946114820867527 -0.3773044447146322 0
0 0 1.5194333671905467 3.6897120654809137 2.642754796500557 0
0 0 -0.1707339068899172 4.3246038642937386 0.953732251822848 0
0 0 -1.9615792812719903 3.039860687093508 -0.30149986097292847 0
0 0 0.4429106320057836 2.4350760790586627 -0.13388750262133192 0
0 0 2.7001797517409702 0.987312620576125 -0.30489220292771235 0
0 0 -2.5225174793404417 2.4409656377904856 -0.391348244644355 0
0 0 -1.620511853871422 2.0653356159583947 -0.11021283043269564 0
0 0 -0.7497294087547899 -0.30282719973838873 0.8051245078295853 0
0 0 -0.4161255978480365 -0.02215113877953423 1.131469464270842 0
0 0 2.5843841147201347 2.5429470227209983 -0.331343505083897 0
0 0 -1.725210417472725 4.135270432988141 1.1492420363645768 0
0 0 -0.6141990969052777 3.047200256622213 -0.3615363559081698 0
0 0 1.4115235913845705 4.046357219294203 1.2402810047877944 0
0 0 0.8065401085760509 2.1073369958343267 2.8253276034070525 0
0 0 -1.2910952156458235 4.260927983791361 1.4919375904607746 0
0 0 0.4533457395921223 -0.37771284603013666 0.2837326623900809 0
0 0 2.1934110114266456 -0.3160298194117322 2.1485985697294416 0
0 0 0.5372917249507094 2.1109388760292864 2.810906874644247 0
0 0 -0.34940793004626025 4.350868721536775 -0.1992939989129865 0
0 0 2.680840028565181 2.939974111466765 -0.26382232217045865 0
0 0 -1.894877923680978 0.360511050143863 2.6627806975064545 0
0 0 0.07290051242174478 2.1753038708858603 2.871467279060367 0
0 0 2.515934489690892 -0.368046032586574 2.3520021232620065 0
0 0 -0.6556308083691955 0.7632078942908657 2.9899729899619993 0
0 0 -2.00961234801314 2.4444144255245663 2.6298910958983193 0
0 0 -1.750008674776997 3.81464468894768 -0.018099336709635205 0
0 0 -1.8985591710529592 3.6655027976836156 2.72996038790543 0
0 0 1.1719215645322745 0.2014498366529529 2.7916191954480105 0
0 0 -1.9646830211591886 0.8813519970247413 2.711042440431901 0
0 0 2.5739365857488794 0.4354109620626593 2.80793368999538 0
0 0 -2.449414565941111 4.280954787595807 -0.2110622370627926 0
0 0 1.7354706277870475 -0.029502822058107947 0.7906007994725572 0
0 0 -2.085428528612601 -0.15463503841504467 2.7196313879706113 0
0 0 -2.182109706013624 3.0235839500185286 2.761197493153802 0
0 0 -2.59152679095003 1.0952320768406554 2.7235312524251607 0
0 0 2.792186023397165 2.744481551142564 -0.03353483198004531 0
0 0 2.5179187677886867 -0.3027722093252098 -0.1721623862676824 0
0 0 -2.1882888173974964 2.232158436763499 2.611061501984174 0
0 0 0.2751816665328546 -0.13656837768911972 -0.02273946797729548 0
0 0 -1.614049792211964 4.196470229845756 0.942952830122241 0
0 0 -1.520373001341719 -0.034229715057703225 0.619983552191082 0
0 0 2.587091688324004 -0.04045867727091351 1.263586624543585 0
0 0 0.7110550880531239 -0.07035800356266003 0.021818054595483093 0
0 0 1.2306930514404488 4.148701708371926 0.06758360540712934 0
0 0 -0.9062944307715592 2.1439823473572477 -0.3541370077900726 0
0 0 1.598402922370055 2.694292291291411 2.8361533199012134 0
0 0 2.2939707660789432 4.179926630919135 0.20887763384067876 0
0 0 1.5960672796335578 4.210915807373696 1.1367967816685707 0
0 0 1.6750744479308377 4.069045267125411 1.28018845362385 0
0 0 2.1217736203417283 1.58794355378483 -0.14192518126002607 0
0 0 1.7133239528218445 0.19393493031340236 -0.18401044231527033 0
0 0 1.223398232594196 4.244582861241988 2.687819863144842 0
0 0 2.1434968975480517 4.022292985536489 0.007044347509532867 0
0 0 -2.300202771602655 2.1330480898244413 -0.2559989683564582 0
0 0 0.4965404775265805 4.353248099961378 0.3678823189045891 0
0 0 -1.4470400439549838 0.2824039679941157 -0.20486932356772472 0
0 0 0.929561082758501 -0.198367300122396 0.4968372437525341 0
0 0 -1.8154681878343855 4.003605382836556 0.14590823896754712 0
0 0 -2.791422759016494 0.2737691209884391 2.8559040922069636 0
0 0 -1.208106634310829 4.243903367525375 2.4666322901777473 0
0 0 2.738024960430904 4.153732852510419 2.9596674220467247 0
0 0 -1.9565453854751818 -0.1823512749613215 2.6942611397934457 0
0 0 2.4863715890108384 3.073273073210292 -0.2307582419212022 0
0 0 -0.9392548722213307 -0.1297894674474495 -0.10787895967456052 0
0 0 1.0369169571278833 2.5601192181573076 -0.3933909159057181 0
0 0 1.1730251341903122 4.042519651147242 2.2983864586839275 0
0 0 1.418957764637213 2.2080630591810935 2.9258943031845237 0
0 0 -0.507270594769694 0.41166570238922806 2.8849232432046836 0
0 0 1.0214416163793558 3.0819591865262335 -0.031091151039193965 0
0 0 1.9828242839039971 1.5804383954099506 2.8524023615396596 0
0 0 -2.242943355696612 3.377688628025726 2.920785867414587 0
0 0 -1.584393784405291 2.40226782718817 2.919501640371184 0
0 0 -0.9352151897151066 -0.3205902565335922 2.2466123397367643 0
0 0 -2.098684794700062 4.133173086613187 0.33266681558877775 0
0 0 1.8158043404004083 1.0913250454081673 -0.28055471075622934 0
0 0 -2.379384928765186 4.269803410721516 1.9664816922369555 0
0 0 -1.7279059940696344 1.8300455072310489 -0.005976738079571164 0
0 0 1.2987416316000289 3.536006136501044 2.790679765639075 0
0 0 2.8638921384913356 -0.22156005045858987 1.9353522987419887 0
0 0 0.49485250222265265 4.373946440036854 2.473830888788202 0
0 0 1.85700435987164 4.082853971982802 1.6831649768401669 0
0 0 2.584472586367677 3.5320691554832893 2.766326663877399 0
0 0 -1.7962167938996052 -0.2699670827943995 2.4495058075803526 0
0 0 -1.1156846590121372 1.4689852859879853 -0.29785224191305637 0
0 0 1.2953104039712242 -0.2527434822731049 -0.3172546986672412 0
0 0 0.46871054507196774 -0.2943891252230436 2.4584468997003763 0
0 0 2.7854202709759592 -0.20030773977602512 0.7016743731914337 0
0 0 -2.560829766487906 3.372564250860337 2.89537390134553 0
0 0 -1.694871179423938 1.9745970570955875 -0.18173600774064147 0
0 0 -0.7309289813196971 1.6954622968933508 2.791483103334185 0
0 0 1.8969738714109114 2.4606050918722424 2.901875148724979 0
0 0 -0.48951652662710776 -0.17835729476404638 1.0276529103983274 0
0 0 -2.9012926875465386 -0.33301933625776525 -0.21807695953901024 0
0 0 2.8730133084634417 2.0207716280496304 -0.32978874680496406 0
0 0 -2.250329462797985 3.821297622369189 2.671854825225776 0
0 0 1.8245117151332062 1.1423029100420923 -0.3128246193715489 0
0 0 -0.24282318963880245 0.46421844203530804 2.773653427170827 0
0 0 -2.506887841202418 3.708229837267671 2.822418014674076 0
0 0 2.2787859992239836 1.5676962170156412 2.9224924629799522 0
0 0 -0.6116716791498158 2.984228819527035 -0.006000592029414775 0
0 0 -1.2516502042131246 2.2807025037422366 2.7685395209916535 0
0 0 0.7149220247738994 2.422326987100024 2.7686367001573116 0
0 0 0.4378545532860989 4.381723975575967 0.20856097055876802 0
0 0 -2.791132734982505 3.47413445518286 2.9221635378127875 0
0 0 0.446934136224582 -0.31267065437223157 2.9300870899529485 0
0 0 -1.7274861307693175 1.7447755861359378 2.855368733266416 0
0 0 1.3673042514895641 4.299564364230998 2.409982796181699 0
0 0 -0.3999246471271518 0.6610964340829396 2.6123061067551276 0
0 0 2.7474884831378814 -0.0016739127274442711 2.26309932833263 0
0 0 2.8750468014947526 4.189603782885602 1.3740767919184624 0
0 0 -2.7576666811602855 0.4886400518278463 -0.2640524075953139 0
0 0 2.612871369172291 -0.055916624678468196 1.0596401179399524 0
0 0 2.5069581652017625 2.836669306953662 2.8053559431580255 0
0 0 2.622590556741206 -0.08333252475506875 2.783186722748657 0
0 0 -2.4457622606946745 3.2050013488287195 -0.05679321936033832 0
0 0 -1.9459070192162373 0.26287300190439256 2.8950791040831483 0
0 0 0.3062789690235248 -0.23263256290882275 2.9894971622456716 0
0 0 1.4980120711621083 4.164369676460588 1.3699121540980017 0
0 0 -1.2408004688793475 2.8764078676783287 2.6067400467025963 0
0 0 0.8125483410275316 -0.021610863351844922 0.968204298056869 0
0 0 0.05569287578580839 4.049843777145404 1.8539177249887473 0
0 0 -1.1074010679554473 -0.22043216394338747 1.74153320006506 0
0 0 -2.775847150945623 4.309312635204434 0.17660325694463547 0
0 0 -1.5197860234009601 4.179669479658336 0.24531687767898497 0
0 0 -0.17587905106223944 3.088900763813756 -0.2057739342038295 0
0 0 -0.05742864056027219 -0.20907539899111913 0.8561907170698878 0
0 0 -1.8194950557304814 0.7948828761756371 2.9475558668186115 0
0 0 -1.226959975036529 3.687536967977699 -0.11348707002981617 0
0 0 2.076993877721649 -0.08991101869665163 0.4230049914328009 0
0 0 1.5467438393700688 2.8377296363932114 -0.1838343082052381 0
0 0 -0.43949414013847754 -0.008312353189126431 1.5079671519806328 0
0 0 0.040643723610483296 1.6468172596124453 -0.03821360936881496 0
0 0 2.1728284882749973 0.5719452110414882 -0.14446721883315605 0
0 0 3.09683778422189 -0.08352251260270072 0.022442472665752434 0
0 0 -0.6322125765486746 0.21631231222313574 2.7863549033373847 0
0 0 2.6436668810139103 4.301581130727418 2.863649345805899 0
0 0 -2.9481974247655667 2.9892082033931398 -0.3019434432845462 0
0 0 -2.2104626436244836 0.10948800465350605 2.759211510637921 0
0 0 1.8875431193275984 -0.06424939645011196 2.1601041587593084 0
0 0 0.26236455102576883 2.050431543523021 2.6511673575118486 0
0 0 -1.8730316241605776 3.6119643888723316 -0.15954475833241 0
0 0 -0.676953862779035 2.5524861207041796 -0.12408410275068615 0
0 0 2.8173402838996378 2.7959551830723637 -0.024452773736395483 0
0 0 2.048717439931922 1.9780856348237572 2.6011250446975542 0
0 0 1.7679735557559075 3.1572145605737147 2.7232351486493154 0
0 0 2.3482165583544807 1.0646863731363356 -0.33418499631655774 0
0 0 0.27664571393553405 -0.25473287570788183 2.297712334466727 0
0 0 -1.3196923383553862 0.8102610913653966 -0.303097319967296 0
0 0 1.0354284962102076 1.053298970558303 -0.18468530821999085 0
0 0 0.5547910815937107 4.221031404684183 2.7221236545126186 0
0 0 -3.001310237105632 4.235271781543403 -0.1136069367948504 0
0 0 -2.6982056429516814 2.544541090705513 -0.288668149659864 0
0 0 2.283448813682072 -0.3224475524284552 -0.20799934552903399 0
0 0 -2.840567215148421 2.942571846633038 -0.062049001587617725 0
0 0 -0.8004840872840027 3.4399230391531526 -0.0514053498397356 0
0 0 1.0064172197826187 3.666454771330073 2.6195900424544662 0
0 0 1.2066564066916037 -0.050926641492177016 1.8565396511430636 0
0 0 0.9742200367170026 2.006355181419023 2.730507312794108 0
0 0 0.6218374427188147 2.114140159787052 -0.12643780312425285 0
0 0 -2.163242288565471 3.400667436008778 2.8354492986983932 0
0 0 0.7206366185214117 -0.2681419352650274 2.1683474827622304 0
0 0 -0.8715148585672052 -0.20772504125442076 0.5532369036308918 0
0 0 1.6669727407262478 -0.007010177696267161 0.628444236730496 0
0 0 -0.5058311067791204 0.9422202676290067 -0.026581676391128184 0
0 0 -1.1678439647793695 3.8355318118934396 -0.08437486325705001 0
0 0 1.050074039862233 -0.24665435608065636 2.880619263920742 0
0 0 1.1776658115111651 4.21691175547029 2.314436638660541 0
0 0 0.9430844240243186 3.7127337463685834 -0.23443079263565414 0
0 0 0.1285012072309426 -0.23293662265319406 0.8706982494891153 0
0 0 -1.9620664979257363 -0.010804492961693946 1.2641469719271303 0
0 0 0.49374765070803495 1.9752594210113625 -0.2405518453014345 0
0 0 -0.6318819563855689 0.0715485269948174 -0.06801484747230091 0
0 0 1.1196873326220338 4.208459878090043 1.4914864611986076 0
0 0 1.1912231086686793 -0.01075033581265461 0.5806066089192009 0
0 0 -2.2938366768769645 -0.3460149202257073 2.62418782459275 0
0 0 0.5471899243084732 -0.3597931873923518 0.02268492464627512 0
0 0 -1.2851693563956306 2.892270181466821 2.845635799264688 0
0 0 1.7237651280462334 3.1386879998864265 2.9245936415589666 0
0 0 0.5208453005065752 1.8565629785561422 2.7138342093752224 0
0 0 -2.2293585551565633 4.245513446736623 1.1415338171785232 0
0 0 2.798457517756338 -0.0466404613733678 1.6960010493751156 0
0 0 -2.62348440872971 0.04980838368577423 -0.19125299295552783 0
0 0 -2.6657089869604498 3.851397796772764 -0.20584064911198563 0
0 0 -1.4692315793446904 0.2504533977816602 2.6784261056819205 0
0 0 1.0020549942722 3.9776329214424666 -0.23905277144085285 0
0 0 2.735347042074099 4.262946424005385 0.0162199718750764 0
0 0 -1.7159731499208362 1.7774577900557187 2.768002426888678 0
0 0 1.7887448326881676 2.7877590027830665 -0.27742122631229754 0
0 0 2.92153225963785 4.095629085401167 0.01608351475006886 0
0 0 -0.10156178016729767 -0.1824921698441021 0.6388510332158314 0
0 0 -2.4162903343432074 0.048814000928944945 2.9029410123302393 0
0 0 -1.5762895240468933 2.825892461471894 2.645148197548949 0
0 0 1.6944976264806622 4.003348093016246 2.283346289237483 0
0 0 -1.9338848902644847 -0.21594872687605873 -0.11220876340508662 0
0 0 -1.0710080654431615 0.8921118139029794 -0.1271522789512211 0
0 0 -2.164577822882749 0.9144402970788804 -0.2940638590743436 0
0 0 2.7832370385103866 4.0203247482507525 -0.11099598143032136 0
0 0 -2.4004214835859563 4.284989939600608 1.4282173326964087 0
0 0 0.6200689642679169 1.6110389463468486 2.707601528316609 0
0 0 -0.7504100423145919 3.6181312455789185 2.8182996215980065 0
0 0 2.421667182212839 2.7402066856542477 2.6957416876512648 0
0 0 1.651932766391952 -0.056367845846530595 -0.22675192278677114 0
0 0 0.6712148881095348 2.019390286102586 -0.05451379751815161 0
0 0 -0.5298120354687716 -0.16214445191345916 -0.02928442528048658 0
0 0 -1.8310311158945163 3.8973907262051184 2.687108349564518 0
0 0 0.5598484048488239 1.803367092775296 2.7385691131263465 0
0 0 -0.8806061056499281 1.5282264313092635 2.8468201495004175 0
0 0 2.346660344464018 1.6818941151223838 -0.11961915276556745 0
0 0 -1.4031194364916433 4.396822097758378 -0.1811659403512271 0
0 0 -0.4940695850791541 4.143308872123016 -0.3362731919494189 0
0 0 1.4235160740123298 4.338284537206369 1.027031911622498 0
0 0 -1.516803835088657 3.4300458952313044 2.9834062938632693 0
0 0 0.6215023545418648 2.847124466698145 -0.24161517374448938 0
0 0 2.822862434617001 2.067160799852863 2.696808591974762 0
0 0 -1.861706105436299 4.16040432700389 1.8502308976419042 0
0 0 2.393834878550961 1.8846839055472078 2.8329759649850135 0
0 0 1.9479817167429827 -0.3406697253444691 2.042812981079907 0
0 0 2.5003981020144455 4.2796917167804756 0.9680566907489399 0
0 0 -2.312232077905593 2.2990906289182083 -0.38398679658643387 0
0 0 2.604663835927261 3.041737928388551 2.8285034200792065 0
0 0 -0.08490495247620666 1.6588280179655381 -0.3876845176592799 0
0 0 2.9574575124393654 2.3953741603681666 -0.24378318273076457 0
0 0 -1.9929144794316007 -0.28322264681162873 0.18437218027219243 0
0 0 -2.023027092677952 2.0515034659616314 -0.3738711599988857 0
0 0 -1.1481694640539981 0.7433964975200803 -0.35455288081025005 0
0 0 -3.062314895020598 2.580663718340878 2.7690747487399734 0
0 0 2.6844777763182828 4.39415550792346 1.6397744929610263 0
0 0 -1.3713429031664732 -0.3493804766856121 2.322500690057642 0
0 0 0.19879055649226762 4.005474341030989 0.7510882009766342 0
0 0 -3.1285452052022054 4.177016485250075 1.0574473891868528 0
0 0 -1.4720140753420767 1.158121181081193 2.6976232860001716 0
0 0 0.26021773628438805 -0.25020294592415115 1.8446451717456878 0
0 0 0.8904138857398438 -0.03333207539501537 2.201880087196825 0
0 0 -1.2404045087481392 -0.24089918530397034 0.5207090012143105 0
0 0 -1.2765207713719862 4.394216418397088 0.9137207971295721 0
0 0 -0.1778865740372777 2.297395415406655 2.790277208650642 0
0 0 -1.2157264175863363 4.170255659782569 0.49228773058681674 0
0 0 1.8277592488455916 -0.27592018367959437 2.095075030722267 0
0 0 2.725197302976337 0.6984280447024441 -0.05109469477637535 0
0 0 -0.7328889856362419 3.871031458390726 -0.2606425831810455 0
0 0 1.178119868292609 -0.330928505029811 1.189370762887836 0
0 0 3.0949176085551695 4.029337686150646 1.0966706683053091 0
0 0 1.755307780484169 1.6687210049748966 -0.009456672381147224 0
0 0 -0.7772175201417983 1.9860245769823068 2.7533734629558757 0
0 0 1.0794015542071715 2.0353558313628723 -0.34807534442112087 0
0 0 1.2306584180281277 4.215265325848384 0.7257737024701545 0
0 0 1.1303550909290205 1.2447073788632785 -0.358374502034165 0
0 0 -2.4547852316230783 0.7148926168344646 2.7565848844281207 0
0 0 0.7524648155590188 -0.2745930168069942 0.791426494537237 0
0 0 2.467162998052067 3.8397595102005257 -0.09743311845533204 0
0 0 -1.1948388835124968 -0.024261976862256063 0.6757145706382715 0
0 0 -3.139772022648643 3.325630461713097 -0.3346904376151402 0
0 0 0.37627105464929755 4.261135857690023 0.22133632981755857 0
0 0 -2.2848838698416567 4.169890936846497 1.5656305445373406 0
0 0 -3.076075454216777 4.314260035350024 0.4373257981997161 0
0 0 0.6833834333915187 3.6801222653671153 2.858106314295129 0
0 0 -2.9274662184511695 3.653238547647391 -0.3299280190347814 0
0 0 -1.7421412809131362 1.6003352477229584 -0.37247136288377874 0
0 0 -0.7224973491886431 3.4557407805179525 -0.018874284352238535 0
0 0 -0.8621191518940927 2.178660944042584 -0.3379457876139371 0
0 0 -2.6350766445463147 1.1123486749947156 2.860560561844089 0
0 0 0.3683129447705116 2.3569426918637637 2.9257224480704624 0
0 0 1.1192182763083167 0.16117144197589028 -0.2501207526769804 0
0 0 -0.24988972812404953 0.4177161844805346 -0.11024022853285265 0
0 0 1.278359295222013 3.589732833338475 2.880558050006432 0
0 0 0.8071653034316868 1.0269579675484968 2.617620242356274 0
0 0 -1.669208765647993 2.1174042383003235 2.75344761528663 0
0 0 2.715015696965554 4.190988555833632 1.7254563871744455 0
0 0 0.0719956082692752 2.0890394928930314 -0.004089277986093154 0
0 0 1.953174999231372 -0.07990978107477903 2.328608534930891 0
0 0 0.7537680447389294 -0.1514547601736597 1.2648501597896038 0
0 0 0.1842312064735201 3.986246100083704 2.838426652875009 0
0 0 0.08172212565147952 3.887305037389822 2.8149249692551273 0
0 0 -1.4196127475733937 3.3238501627904644 2.998321332511118 0
0 0 1.6206750120440834 3.1252722999420763 -0.2585029587516907 0
0 0 -2.8303524928358708 3.6962189798513143 -0.2716431649579901 0
0 0 -0.8358213091064388 4.14794577078181 1.0921682190401132 0
0 0 -3.106945514966779 2.4558166071354317 -0.05482887750096421 0
0 0 0.010757720283288474 -0.09547671166125649 2.774922728930685 0
0 0 -0.8080195670698691 3.0641077243480583 2.9145007415148454 0
0 0 2.6316894388409233 0.9746938844539773 -0.06989461103248551 0
0 0 0.8905153580775353 -0.025772615362865237 2.505984557117643 0
0 0 -1.9070815277486137 -0.060446147092483915 -0.37085713745853605 0
0 0 -0.009440914447635063 4.296751421780293 0.47669453308032994 0
0 0 2.814932306213686 3.887544077806601 -0.370430038041474 0
0 0 -0.577219260615859 1.938665292461383 2.842302337644533 0
0 0 -0.9883855316143273 -0.08686154898597681 0.15769646650693128 0
0 0 -0.7426008873696888 0.047498366236320644 -0.32406478177796544 0
0 0 -0.4758883849637816 1.9071074201652283 2.873308667630917 0
0 0 -2.7935815673317577 2.455021324791229 2.7197951982249355 0
0 0 -0.7236561528056682 2.4649075111870955 -0.029240238386820105 0
0 0 0.8230264157066016 4.395501854522868 0.7857637560611995 0
0 0 3.1020625795212435 4.225444803039663 1.870968318053271 0
0 0 1.9062589098457217 4.396695982912121 1.5999679436085013 0
0 0 1.2403633819662536 0.61925797875105 2.9064747584636716 0
0 0 -0.6140073639532924 2.1436079023382733 -0.26690153473100775 0
0 0 0.4437767720732735 0.4914392824329713 -0.34058739127584226 0
0 0 3.037482666806592 -0.06767895225271381 0.09345806450072965 0
0 0 1.3199915632202144 3.334102682497192 2.6639704812517895 0
0 0 0.8282661771479107 2.8976129414896525 2.9147600993026384 0
0 0 -2.875291410455571 0.3515259769474851 2.6934308353817484 0
0 0 -1.9933627309951585 -0.17477053372885698 0.5185490758842434 0
0 0 1.4551778609435981 3.293919171142686 2.8526573507727053 0
0 0 -1.3754655396777569 2.430211378584917 2.903750387617196 0
0 0 -1.523750704536061 1.5010122508136137 -0.16477345529446158 0
0 0 2.852818265123841 -0.013712964196767263 1.95225290489384 0
0 0 -1.857840086396737 -0.30199867873666564 -0.2956672588176224 0
0 0 -2.2740144941506006 4.146105817164973 1.0390479884014938 0
0 0 0.987809771326881 4.277714130864 0.97776292012656 0
0 0 -1.2231256569884978 -0.28456250525221416 2.8165253028150263 0
0 0 -1.5020103331242907 0.1439982756807333 -0.290049713873078 0
0 0 -1.344477021270133 -0.18983548495704353 1.6090374984082383 0
0 0 0.19949888577455832 3.6546840766748656 -0.1372346910807536 0
0 0 0.5950710632546921 1.7101064744735313 -0.2770543098202815 0
0 0 -0.2296519793094669 0.824528285387197 2.7578137547495243 0
0 0 -0.4601855674895292 -0.14944090681884553 2.5613595666083167 0
0 0 2.233893224529778 -0.03641519365207624 2.9026257843665983 0
0 0 2.9634542082329283 4.316188126521425 1.1555629317504656 0
0 0 1.6949395929742312 -0.33641552739875563 1.2382076533770017 0
0 0 0.7657149865956328 4.330111988153663 -0.190396052190016 0
0 0 -1.1863553275936147 -0.0029799346917327996 0.22049618764633275 0
0 0 -2.1887332953581735 3.3757322885127077 2.944736719125228 0
0 0 -1.1982743713451165 3.142867976422354 2.724611911120455 0
0 0 -0.7339246872049419 2.082069995906671 2.938405990245351 0
0 0 3.0351323379389967 0.9819289025987487 -0.19822770223288042 0
0 0 2.8573811185102596 -0.004854591749077541 1.900006967462617 0
0 0 0.7862504407694919 3.911797938224471 2.7009318756659804 0
0 0 0.14516530084380896 -0.24408812567122878 -0.3374030335102316 0
0 0 1.0523689127313025 0.9963739772506771 -0.231585962474737 0
0 0 -1.0005560350217548 3.5793000635263263 -0.12005297012305677 0
0 0 -0.623216206032283 0.2180218155996384 2.808271913452231 0
0 0 2.616621974297712 1.3524844433219219 -0.2129846944995554 0
0 0 3.0775934490567103 2.376632573329265 2.6686106192505625 0
0 0 -3.0888580460324504 2.290257391840552 2.7822920926676633 0
0 0 2.3876470215848924 4.399076675205457 -0.21646820078791762 0
0 0 -0.6714054973369454 2.8150421651920094 2.96641451818344 0
0 0 -0.4930173899994088 3.699917716462098 2.7287102673055004 0
0 0 2.483640537617303 4.209985222917633 0.567756113410109 0
0 0 1.5237059596778515 2.2926628534011897 2.706081457701149 0
0 0 0.36677872421825297 -0.10713887465953825 2.5039490543734537 0
0 0 2.220135932354319 2.595945095516699 -0.35245607895100284 0
0 0 1.455699655201017 2.8923032697342115 -0.30479149102425873 0
0 0 1.3227740420976604 -0.2609521973684273 1.8595481486359384 0
0 0 1.7973357787792823 2.0391325886826674 2.7015051327615653 0
0 0 1.1949332989797545 4.099710819287845 1.3050575467871652 0
0 0 0.7168883593567013 1.2006877042419477 2.740382154756232 0
0 0 -0.5669250241877721 -0.2623883498374813 2.5528123114172394 0
0 0 0.7945917302885124 4.0043970391956165 2.9094390041105527 0
0 0 -1.454345353665643 -0.11710597439383946 -0.19283945714098874 0
0 0 -0.9521506288566126 0.5650157866855072 -0.2261666527771552 0
0 0 2.1229773442561912 2.1022268666362973 2.9411305683437785 0
0 0 1.671136020770728 1.24261937478279 2.707413989808091 0
0 0 -0.8645776196369597 4.016909586977267 0.8746913791941041 0
0 0 1.0329700959229555 -0.11033380207764498 1.0677179596065156 0
0 0 -2.5184536459592426 2.9549502776936296 2.861240081552347 0
0 0 2.503932417972636 -0.0606822193022547 0.2351214153038211 0
0 0 -3.0302448893938934 2.691149482670787 2.8051779745881222 0
0 0 1.6710838192782385 1.8634978898549188 -0.22162032351010796 0
0 0 -1.7631890261760017 4.057391146641021 1.8594368262575436 0
0 0 2.724204294015128 3.1763719988467147 2.9433813426968793 0
0 0 -1.459246744711916 4.051960517471159 2.8108103588827125 0
0 0 -1.6097952390452885 3.5136993067641393 -0.055857473113722855 0
0 0 -1.3283921073700238 3.856579764312286 2.9635943044316146 0
0 0 2.5252195388967893 -0.3165797332424169 0.978168559399151 0
0 0 1.141987696967914 4.322163492842078 1.4736045981899497 0
0 0 0.18155368982027387 3.785023686860064 2.625314893833665 0
0 0 1.9563080127527863 3.257098093700501 2.814909881776918 0
0 0 1.1982410779716046 4.265319822297132 0.49559825411111935 0
0 0 2.0550696898431378 2.6495168531477677 -0.20615626887853652 0
0 0 -0.13993314418659342 4.291098183983548 2.0731810818623297 0
0 0 -1.6382025400591846 0.8004241626106617 2.968119546625549 0
0 0 -1.551608379216266 4.086999193420992 0.4424500659888899 0
0 0 0.1787011973894579 1.3756221691520647 2.8800457491004496 0
0 0 0.9542406390512861 1.8880983769201882 -0.19140466705405357 0
0 0 2.6274577446308767 4.280771794331938 1.6562641838927394 0
0 0 -1.7383643446945103 -0.18256662275519045 0.8939271636778588 0
0 0 0.6170570603312764 4.372892680619575 -0.16436077017330142 0
0 0 1.76779248386553 4.19139624898082 0.23584237728879118 0
0 0 1.5071044452672746 1.137080940668191 -0.30541829391174824 0
0 0 0.12421392291200117 0.23600599106755282 -0.33611147361424776 0
0 0 -2.2525078511861656 1.8439210598754667 2.9544089608738635 0
0 0 1.1630516223292382 2.8361207847664596 2.9760189815390943 0
0 0 2.157629991209392 2.1625446923322413 2.798685460796012 0
0 0 0.37411147644725595 1.6636620147420627 -0.09505438727043986 0
0 0 2.54439607121067 4.347331117763189 0.1698860249384267 0
0 0 1.820171798319782 4.0470258415548885 2.3345150376720114 0
0 0 2.589326922171516 0.3769775968948509 2.6867912520214143 0
0 0 -2.710849341676795 1.915289319167846 2.7523176204643036 0
0 0 -1.170935231214837 -0.19120278233614046 0.14741639737444379 0
0 0 -0.4462672838853097 4.327246178524794 0.35264608823104887 0
0 0 3.060455548356577 0.056093433763014955 -0.07279897378910427 0
0 0 -2.5848153363547643 1.2827209404338769 -0.24154026804695816 0
0 0 2.704844826463373 -0.0338101452954202 1.9613080182378937 0
0 0 2.0621074808029114 -0.3601845501277959 -0.022674558853988835 0
0 0 0.38140198691835936 0.9951369351955558 -0.08751351806797936 0
0 0 -2.028707619311468 0.029314811767079285 -0.08567957302990858 0
0 0 1.305622999326176 2.8350358608057893 2.9922519627359754 0
0 0 3.091633786254228 3.789863745679868 -0.18893628262429038 0
0 0 1.8705106056512957 0.003028314998739956 2.63870548282514 0
0 0 1.4660395072507288 -0.38221336082506707 0.35256221715940883 0
0 0 -0.4660459275842377 4.3641200096647115 1.3364666301736987 0
0 0 2.6598356600544912 4.20855959930797 1.2671927270617434 0
0 0 0.5915670566143856 1.8607821527773885 -0.08357355640936398 0
0 0 2.906781168942042 4.287233754526093 2.5619123693297294 0
0 0 -2.0230328643408773 2.5046353529421914 2.8991561684564076 0
0 0 -1.715588650448713 1.964823575894699 2.7294221494602593 0
0 0 1.0319617689133036 0.21344442939830488 2.6431740209263173 0
0 0 -0.849981151604108 1.2059634873097744 -0.04552213664846583 0
0 0 1.2381328417190431 1.8137632809710795 -0.028524615579266 0
0 0 -0.5149088436558724 2.5812720677887104 2.7448697452219317 0
0 0 -0.20257781008793474 -0.04335297943252897 -0.22715755566822593 0
0 0 -0.9247227252518488 0.02167301634982982 2.6732196124809278 0
0 0 -2.463360177227292 1.578732283290615 2.611391522206786 0
0 0 1.0559314256647738 2.698820835646508 -0.1005190611266355 0
0 0 0.6939567214370586 -0.03954365968518164 0.2815535228085509 0
0 0 -2.7720264066880302 -0.07119631123549658 0.8307875536876207 0
0 0 -2.027190918370178 3.408662490367186 2.8673885866545996 0
0 0 2.4095503086232144 1.8658758505918964 -0.2908732541106422 0
0 0 -1.3666022768798423 2.808247265238867 2.7280349425084713 0
0 0 -0.5674255936520485 4.002127425983303 0.9754880454492824 0
0 0 -0.14942098660242387 -0.06337052729389958 0.0624083381625441 0
0 0 2.3460694484215585 -0.1962893103833735 0.2586027702699217 0
0 0 -1.2490271704797518 -0.007496459428905977 2.7880575690071376 0
0 0 0.6477019846942733 0.025035206166944823 2.8849919816171172 0
0 0 -2.3690377119763473 4.23905944840812 0.8829563074115888 0
0 0 -2.0887529863614835 4.359253886446819 0.3255156934779706 0
0 0 -2.469379121677642 4.05004267671093 2.29906049389048 0
0 0 -0.3258282137080233 2.538511795101989 -0.1984349600950059 0
0 0 0.36816470276877666 -0.3025975624992335 0.9867549897450905 0
0 0 -0.0523709930489602 1.8215737019429437 2.750463632454396 0
0 0 1.597098671461345 0.6907814005725984 -0.16980928879004042 0
0 0 -1.7960779649383019 -0.32827870777894846 1.6922927507072167 0
0 0 2.7124841526012915 1.6362848603607274 2.907581855302379 0
0 0 -0.2861521197634507 4.244206758209434 0.0011218979840049049 0
0 0 -3.0784981377641087 4.124624370870602 1.4264813966855265 0
0 0 2.2138538571617135 -0.3066561131575497 2.8947749596629877 0
0 0 3.0223833880517175 1.9728500681723844 -0.21440677717076634 0
0 0 -2.9242042208587775 1.9314339448383624 -0.2501507608521836 0
0 0 2.210627427998401 2.158157423200607 -0.16083777916956188 0
0 0 2.5820183249979802 -0.07478793322840105 1.132652193010153 0
0 0 -1.1870975682515785 2.4875238136872166 -0.06618564287288892 0
0 0 -2.2523162322620203 3.2722266702034957 -0.29576223265357954 0
0 0 -1.9269837883240428 2.3355983640544515 2.8462259317303817 0
0 0 2.900978753213389 4.006764982211597 0.8091537519209193 0
0 0 -1.9469011251124482 -0.32920320608231296 2.2902761664128763 0
0 0 2.924617611507653 1.6232292822928116 -0.08481462288178876 0
0 0 -1.5989976668900816 -0.11180111773496154 0.3766638022298071 0
0 0 -2.1674536727877403 4.087669936217269 0.3754503980538118 0
0 0 -2.9030146255549973 3.734681157080353 2.920695199132031 0
0 0 -1.4541879055702491 -0.2601963291665633 1.0348740916234658 0
0 0 -1.29773989912607 0.510240539651475 2.7562593449816393 0
0 0 2.5303590192471264 4.218179435973312 1.3021206869841584 0
0 0 0.9790197717912639 -0.18934185551886457 2.669889498980762 0
0 0 2.757058972137129 -0.24408616271969372 2.3904885183853 0
0 0 1.4689695277762338 0.5673385997806916 2.7515114004959087 0
0 0 -1.3716398692532878 1.0088438330098537 2.8523356614725883 0
0 0 -0.8889065427055893 3.701358822930476 2.8151000152259864 0
0 0 2.132275495412796 1.9241516892588408 2.957027922266895 0
0 0 -0.5422905474834856 -0.24608111871671087 0.6832620719157252 0
0 0 2.8151677752910933 1.367089206510962 -0.36919487349941993 0
0 0 0.20615193771732887 2.3357870766095266 2.77806647346312 0
0 0 1.9163772223225974 4.000994555895094 -0.3913425215687117 0
0 0 2.3013095008014153 4.197746803061741 1.8683929425421966 0
0 0 -0.364137259843746 1.6346427232325542 2.6082901887684953 0
0 0 2.5138739716132337 -0.11982441701006363 2.497203218135164 0
0 0 1.1958296745672081 -0.19313863147618893 2.6558860391725694 0
0 0 -1.1921826177087573 1.5161472121284283 2.839603918048253 0
0 0 2.655384280923176 4.260231967455958 2.9327195771743444 0
0 0 2.59001302769578 -0.2989517767919858 0.3219656358037903 0
0 0 -2.455476161319045 -0.20677633122683617 -0.03754951324312639 0
0 0 -0.8914304090539851 2.392334561446271 2.887661577874049 0
0 0 2.3355520920479442 4.364663036158137 1.963821892368891 0
0 0 0.6502490260895901 -0.008946914096590874 2.221965185407512 0
0 0 1.5463219341960306 4.278240092386015 1.8361128115378051 0
0 0 -1.2397165945161022 -0.013530296021239951 1.2540610873033773 0
0 0 -1.2033111047424676 1.3963239953240612 2.6720480277324596 0
0 0 -2.4604626305718877 4.204160411284702 0.8126990161417748 0
0 0 -1.4900830584640763 -0.008827133864721892 2.866992284203738 0
0 0 -0.3893780337670574 4.040076588591046 0.37026284448635627 0
0 0 -2.993269221426954 1.60028497836316 -0.045696616765265485 0
0 0 -2.480652709455467 -0.1342838449199381 1.7228876788857352 0
0 0 2.636916731136184 1.1092554689706708 -0.12970012246182322 0
0 0 1.222107204819701 1.8779866783750632 2.979696209305269 0
0 0 2.820204187546925 -0.1281471268567218 -0.039517183066013706 0
0 0 -2.5142591495180753 -0.25856703993818614 -0.3463688660631104 0
0 0 1.351673181948219 4.080996442281195 0.49967321908298196 0
0 0 -2.328930507185771 -0.299264640506003 2.186984771045943 0
0 0 2.1698340288541136 0.588988180250581 -0.03358220324536626 0
0 0 0.5605407603268011 -0.22763309540152346 1.6156820578542062 0
0 0 -0.34228041196106984 2.0729064730628686 2.845262381976799 0
0 0 2.4412587714710723 4.02801550301743 2.547754969065787 0
0 0 0.48034613862670206 4.235685214178726 0.44276366031340136 0
0 0 0.07428139903852271 4.049772566464545 1.799441316590692 0
0 0 -1.546782907121991 1.0547321396960747 -0.10112493334356609 0
0 0 -0.18317606559192479 3.1764571940344015 2.858137444147075 0
0 0 1.5904301856607628 0.8077968021402012 2.9105725055785965 0
0 0 -1.4398220713855343 0.9641717997552078 -0.08063125470273258 0
0 0 0.8845100962856032 2.7550085198649286 -0.3729964776164366 0
0 0 -0.2599431126843905 3.0866307618656177 2.9944796236016598 0
0 0 1.1753622789542701 3.0289483673783524 2.6947126846649194 0
0 0 2.613163884028004 1.198469074804768 -0.17226110733220668 0
0 0 0.7229446663031269 -0.033978101813227524 2.5174747459992313 0
0 0 3.1092157232235493 4.36085531127813 0.5281449929100558 0
0 0 0.5619089927509382 3.8085972209829593 -0.020371594545733007 0
0 0 0.516722035787978 1.9653696225820054 -0.10540168076906858 0
0 0 -0.9636635199749812 -0.16546409458587807 0.6438314585929711 0
0 0 1.3244218360618207 4.35741809143559 0.5474774145102433 0
0 0 2.412382284655129 1.689772811435608 -0.019039303450426037 0
0 0 0.9994944070775293 1.616761003220787 -0.11821494955315881 0
0 0 0.8314072231359111 -0.15174541529009317 2.88287884097512 0
0 0 -0.026431333376226274 1.9069845626284683 -0.3875282917577872 0
0 0 1.856747881465303 3.362127952106605 2.8311245456965897 0
0 0 0.7269338328247539 1.3459786334859802 2.891138159420369 0
0 0 0.06024720162973596 1.0862273101696829 2.9353111701627848 0
0 0 2.869477552910058 0.46616154980961944 -0.36406466848650376 0
0 0 2.4477291612653644 3.9986679982009306 -0.23090546619534977 0
0 0 -2.0283780830643616 3.3316572728307636 2.963004130703092 0
0 0 0.04283095391925196 0.22817241496590723 -0.0418193722014536 0
0 0 2.968049234437622 0.5644209559926515 -0.29242786275659227 0
0 0 -0.7827130640930511 3.4936392570928994 -0.35228325281088924 0
0 0 0.10729653114557669 3.6001348027150635 2.980170793433165 0
0 0 2.1433795871309558 -0.008964892898723653 1.4832150091592686 0
0 0 0.20375887649201063 -0.16894314105713543 1.9061074077860403 0
0 0 -2.8668179587311067 -0.29722846768117006 2.426621814504261 0
0 0 0.3442209170677275 1.4764087389683227 2.795544144144942 0
0 0 -0.5480574372888549 0.9176845171430196 2.9285742781221025 0
0 0 -3.1031485939529544 -0.021678161633398363 2.037292194937796 0
0 0 -2.895009728676826 3.5481827604526703 -0.0055057090298590294 0
0 0 1.203519390220797 -0.2853912135678295 2.9456085063306516 0
0 0 -0.4292204369031638 4.3765313696047885 2.039573747525907 0
0 0 -0.6856695410969045 4.103969901559864 2.4486427019508468 0
0 0 0.6632288176571159 3.061316453999327 -0.07669596855386113 0
0 0 1.4691161812034341 4.181033280410672 2.7402894598357252 0
0 0 -1.386149991128778 -0.007115433655182135 1.5474734026412544 0
0 0 -1.0590750838248169 4.220585361734435 1.1387867340475917 0
0 0 -3.0895628980172476 -0.12927521308044798 2.8516072434216944 0
0 0 0.3483967656382747 2.046944593217053 2.797671989409599 0
0 0 -0.5713890235446448 0.731257288546855 2.7825040256047964 0
0 0 2.074400689633027 -0.03225096251208026 0.7807314583072237 0
0 0 2.7414193959790287 2.5084795694298947 2.663282438221717 0
0 0 -2.946104526103097 1.2800067205959267 2.903807150603183 0
0 0 2.2452361450128464 3.0549938686730513 -0.14265412905819508 0
0 0 -0.05726178110755864 4.29730573076502 2.611315082680875 0
0 0 -0.37300543776788686 2.6206679266136357 -0.2736722707987756 0
0 0 -0.9366358174320979 -0.10889228002229989 -0.27071818040329565 0
0 0 -1.5319809180510118 -0.023676729286993103 1.2827936790653294 0
0 0 0.8201621020886591 2.2109110862172363 -0.20724871217561108 0
0 0 0.0511177490729402 2.2563493120390903 2.8437334627076574 0
0 0 2.0848426620494998 0.757870941345821 2.890426628965048 0
0 0 2.8853913616685336 -0.039189711432384366 1.8676584674003496 0
0 0 0.2126466561475744 3.7616445367581677 2.874419960940503 0
0 0 1.7187467675625738 -0.10524382975329682 0.8638747853668413 0
0 0 -0.5728477960395248 -0.07844437288364942 2.1930917397310266 0
0 0 -3.005887040376432 4.005452870948471 0.34695491845348775 0
0 0 -2.0398748620659592 4.196415791700572 2.6827376949179476 0
0 0 -1.323718370246101 1.3987571294396166 -0.227034604802373 0
0 0 2.4152576338435034 -0.24006849204153788 1.3762417915235907 0
0 0 0.992694274995717 0.8570463992425058 -0.2548241649226964 0
0 0 -1.775358689731437 4.219166620457103 1.8511724970555583 0
0 0 2.9800524730415754 4.107241080082927 2.3782776681065463 0
0 0 -0.8414611752746932 3.47442925762255 -0.2349813646971357 0
0 0 0.2572668293251419 -0.19213665423422951 2.452938404360586 0
0 0 1.0220213201507615 3.1445913719147587 -0.03200611579480639 0
0 0 0.5509371378611712 4.335298407138356 1.6174350372906592 0
0 0 1.6323660242842397 -0.14758307248736685 0.4331243222475812 0
0 0 2.6242740804677096 -0.008400041605777397 -0.05954535877015521 0
0 0 2.456817755887367 2.0678299088960297 2.638288786132312 0
0 0 -2.897495426011603 1.4092279764164233 -0.03811309822981246 0
0 0 -2.8405714217346736 -0.0627822219236146 0.7012424577707467 0
0 0 -0.47322805263728096 1.6925981832009134 2.7782235769105004 0
0 0 -2.1581902594402838 1.3682427929981191 -0.034058922560072924 0
0 0 1.9146751369495982 3.794161953829739 -0.2807759540495041 0
0 0 -2.3526109617221382 1.6711431939941188 2.7318422820423285 0
0 0 2.803926087001531 -0.25410411768615015 1.4135736518062934 0
0 0 -0.573175451378455 0.6392582519529352 -0.0075914146638796365 0
0 0 0.5408224638462058 1.7242474803724144 2.6287949429339945 0
0 0 0.3967577428856428 3.7487628861570745 -0.2842251957280305 0
0 0 1.1706217081824741 4.025300221721891 -0.31468757959047905 0
0 0 1.7388540035106406 4.036086092367126 2.627331885685902 0
0 0 2.40966227475512 -0.15700026925092045 2.506779398425869 0
0 0 -2.4285886333610636 3.7020180322243355 -0.2949444516443226 0
0 0 -1.3475668423656184 4.054670682920457 -0.2229970827853337 0
0 0 1.7206178401415748 -0.3035007864470192 0.8247906496368171 0
0 0 -2.2475609437877546 4.340695373741573 2.3651916853485413 0
0 0 -1.9437945543114918 1.0611030336144505 -0.3548701745576297 0
0 0 -2.373189136523589 -0.0324799658433394 0.006578599748458203 0
0 0 -3.1106867177450916 4.144400411097161 0.7396661735577904 0
0 0 -0.3480757761613509 4.185212414546458 2.6670084307262028 0
0 0 -1.200222132210306 4.177378276629459 2.0683868291031384 0
0 0 0.1289343184942453 4.307339759687759 0.5709906533966707 0
0 0 0.8595448573456421 3.7534635405910755 -0.3994432991204932 0
0 0 -2.9176690060088637 3.3385299802335298 -0.033700937384336715 0
0 0 1.088749532016342 -0.03067303232258406 2.7834701816327216 0
0 0 -2.7380505211543094 0.4191125531904032 2.766067041557273 0
0 0 2.795717714477285 -0.05352864742909952 1.6915759644121706 0
0 0 1.8000819918653868 2.0615911467410055 2.852438661349748 0
0 0 0.48505538932418935 -0.17418091881074582 1.1569955893455026 0
0 0 -1.067160258558855 -0.2113198608150494 0.06263309577679788 0
0 0 2.073580839763279 1.4297652173507074 2.8734679205131237 0
0 0 -2.729304819916522 3.8064228310616417 2.845430152120543 0
0 0 -1.2651945866237935 4.100825908708983 2.7297288546425804 0
0 0 -0.8363914055844788 1.320259662734398 2.8477243708225815 0
0 0 3.0038111233335583 -0.043838858953078264 -0.1707912632889751 0
0 0 -1.0602959340538352 -0.17511365526831674 2.762042980403158 0
0 0 2.317382080909794 4.208972589780283 2.5087962956725915 0
0 0 -2.6864249148539616 -0.11787281857290166 0.567655870271097 0
0 0 0.3247864719510769 3.1860702353193195 2.753110075839734 0
0 0 0.013983089233366996 4.346040668578197 0.7971418235207234 0
0 0 1.3157274228777744 0.982940226146661 -0.3254066995230586 0
0 0 1.718013521162014 4.039372524474112 2.0117741629826176 0
0 0 -1.0915941247914391 3.449545903933545 2.79038432641471 0
0 0 1.4094947260863213 -0.24819795329172 1.5063175823435155 0
0 0 2.516956268985907 -0.1016500241401676 -0.22814108744020536 0
0 0 -2.6906322872582606 4.308134566254542 -0.0671543358116839 0
0 0 -1.4031222681443467 1.5702284226658527 2.772866831519451 0
0 0 0.40082080071018433 0.2937798973066432 -0.032147404633649734 0
0 0 2.3887579070364833 2.535025669812669 2.9555556115391513 0
0 0 -2.282353044651818 4.297111872062513 -0.26865810493564446 0
0 0 1.644496985946656 -0.054753087792677846 1.2773422450144303 0
0 0 3.1304995073498594 4.127686078968742 2.9088744287192916 0
0 0 -0.013022076340171829 -0.35108106125623717 1.0105514366863972 0
0 0 -3.1054962656534837 3.942869991858099 2.760606733935852 0
0 0 -2.4166311148587383 3.879066946588749 -0.08889283193189879 0
0 0 -2.491430753446476 1.8934542936406706 2.7315039758680357 0
0 0 -0.28212235018906107 4.27953603467771 2.647200658764081 0
0 0 -1.348738137216163 -0.3308854585409787 2.2344244178356596 0
0 0 0.6643090438054795 -0.3182364607318169 -0.37034267992616066 0
0 0 2.8776156641899275 1.5377802835125154 -0.09309939881911772 0
0 0 -2.8705872324231496 3.004146348407255 -0.25543903215863073 0
0 0 -0.25437387600772654 0.27789617094443764 2.9834921166532946 0
0 0 -3.044869675713732 1.4713236191411863 2.776337899056026 0
0 0 2.19685564462928 0.5756877742504395 2.9051998890464024 0
0 0 -2.0010341636071276 3.984128749232403 -0.06910477582193036 0
0 0 1.3007873551865599 4.27524919109421 2.723445483855918 0
0 0 -1.1794433701355511 2.5364304113074105 2.684691948649864 0
0 0 1.5035814356324178 0.852110883405914 2.6145881123648027 0
0 0 -1.099845013312915 4.337422756414894 1.7322325752269827 0
0 0 -1.8585399403880631 4.242136615921044 0.2377843748892615 0
0 0 2.6020218475406613 1.5415174597716779 2.75285969366158 0
0 0 -1.0475531499738113 3.028818553620787 2.9302112092258352 0
0 0 -3.056081563185981 2.7721629068116567 -0.20230712790805672 0
0 0 -2.4429756368361586 -0.19892028949131266 2.2524295509953642 0
0 0 -2.819610631307238 1.4448952851148604 -0.1908301882955289 0
0 0 0.4065757830858958 1.0869828382740074 -0.38939051041117845 0
0 0 -2.1546832286261597 1.3399260635726615 -0.3152824413566222 0
0 0 -0.08857340399258451 1.8685252586745835 2.905632644311528 0
0 0 2.779470330509259 3.89059872881054 -0.10452606308278184 0
0 0 0.1711748865688949 3.553420420567307 2.6760909403516204 0
0 0 -2.342318151410837 -0.17834376746947883 1.9317929082395286 0
0 0 -0.6627373605835745 -0.2401904267759254 0.60306418402339 0
0 0 0.9140712189957458 2.533310992224635 -0.269975003730344 0
0 0 -1.8269016190158636 4.248390866063726 1.9506421452061355 0
0 0 1.5597574235380636 1.1684354435885278 -0.2620133824816571 0
0 0 2.8974549015890565 3.084219021127747 2.987034612637094 0
0 0 -2.9751471535502634 1.0213830751598083 2.97844987562663 0
0 0 -1.0892989742783512 -0.017639057399498392 0.6969602976177494 0
0 0 0.8312524024278187 -0.17891910942461547 1.5929046351872411 0
0 0 -1.4183936827386885 -0.05757492133984243 0.8428400765940453 0
0 0 -0.9058855961942385 3.186867366991835 2.713954557174002 0
0 0 0.21404288756039236 -0.10690988764338372 2.0110051400273976 0
0 0 2.436566555768586 -0.3791004753096027 0.30926451735113175 0
0 0 2.1214658660824117 2.0728853177613753 2.730593880741077 0
0 0 2.9721831964805414 3.13187688154761 2.604776652363253 0
0 0 -1.8102384565018006 -0.06876387038114556 1.7697162294880608 0
0 0 -0.2404957384673434 1.1760510805538473 -0.14888940736763595 0

