0 0 0.4485641378560632 3.9538136419897083 2.714602809739694 0
0 0 -2.4599900977711275 -0.010935793636381863 0.39440401692858784 0
0 0 -0.11914818774677016 4.092168926649648 0.8764949412566349 0
0 0 1.0655679074670976 2.0051910155944737 2.767365254248668 0
0 0 -2.0564908923865572 0.6600563053881877 2.795971799017489 0
0 0 -1.589707803847574 4.25144210019308 2.046648958819326 0
0 0 -2.9424711910295285 2.464465696795913 -0.05550468498273631 0
0 0 -1.0233113610094344 4.233334250967546 0.40702590230801167 0
0 0 -1.1536320084131695 -0.3884489620700426 1.2018118433673077 0
0 0 -2.687122766462717 -0.3639181635366886 0.34049201777665006 0
0 0 1.5382475142624807 4.0203571656512604 0.9329913501099506 0
0 0 -0.26885221503368184 3.001611767513287 -0.027904021665582923 0
0 0 -2.5256979359356646 -0.1250849559311531 2.6105828438047802 0
0 0 1.307549084174707 0.9243643419775233 2.6933311189269245 0
0 0 -1.4045757128007077 3.576101348392564 -0.31873323299085216 0
0 0 3.100119578155942 4.313948247388003 2.2877732256055427 0
0 0 -2.7141214743162787 4.012429793215694 0.7868084622812535 0
0 0 2.818856773235308 4.341899154096358 0.8949686889482814 0
0 0 2.903500486826725 4.058525242326734 2.255413040103182 0
0 0 1.3920411132137342 1.4368083533357159 2.952385046462566 0
0 0 0.597868269659144 2.1039071901634854 -0.12929377975837258 0
0 0 -3.0611499101528086 0.5718558238422549 -0.20092990967489324 0
0 0 1.2745747628251491 3.516037965589827 -0.2250354054510485 0
0 0 2.0018392872665913 3.7863844182141846 -0.28609335334875224 0
0 0 -1.5738872483005135 -0.34543295935948126 0.30851840773306904 0
0 0 -0.05571634836467387 0.9481069700859553 -0.32432215876913806 0
0 0 -1.4890318711705561 3.3300518382117463 2.734407706311542 0
0 0 1.6375793631484106 -0.07286573012208047 -0.3539310364584045 0
0 0 2.17480543243769 4.069229199011518 -0.09396360847733326 0
0 0 0.338052436281409 -0.26997801311795633 1.6236404465954801 0
0 0 1.5154109230567334 -0.07206524920764779 0.333643826211643 0
0 0 1.1582418614429901 2.627933728335327 2.8541913379457156 0
0 0 -2.695007352326655 4.218620291459745 1.5025865664795552 0
0 0 -0.3542033189552689 1.7317337535046726 -0.09522948087305261 0
0 0 2.568071458121131 -0.06984698193785605 2.3572280501280956 0
0 0 0.17506525147515273 2.57178324868215 -0.10929566976337773 0
0 0 -1.2540468424166067 2.1120659630338827 2.810055944488922 0
0 0 0.6425786148586865 3.3483228057923005 2.6016467256886653 0
0 0 -2.168822430167575 3.716830930800041 2.8330236568846137 0
0 0 2.568007769314802 3.5238890402875054 -0.13789254346351365 0
0 0 1.9566012139816946 3.0308247926372403 2.7056679365276883 0
0 0 -0.9021321143640333 4.117643919223624 0.3224764750842929 0
0 0 1.8748893445009944 0.5919507695808626 -0.10751307464102516 0
0 0 -2.6840592172192967 4.1190048623498585 0.6611956168969212 0
0 0 -1.875312312332473 0.827634753367194 -0.32133460743070685 0
0 0 2.6295993511042273 2.0740665535601797 -0.03060759182093442 0
0 0 2.4479630523576494 0.3918699472592354 2.8118055184902833 0
0 0 -0.2234525084485086 -0.3643545652802669 0.7090206652151645 0
0 0 -1.0072312468104032 -0.2605626891364883 0.3803746222779925 0
0 0 -2.39724102794262 4.216751304943939 -0.0525209061086106 0
0 0 -0.4740198195522769 3.3528272471090337 2.707261748198141 0
0 0 -1.7218364896544374 -0.09267147272990617 1.1292764143254475 0
0 0 1.1887032736833882 -0.1386893056637563 0.7882229004578248 0
0 0 0.6314031024325764 1.0073221078054626 2.926228549701311 0
0 0 1.7117385370119624 4.242041689118099 1.246474935301154 0
0 0 0.61817095251843 3.736888359647876 -0.1561987766093984 0
0 0 -2.2055456855946822 1.5530781646404566 -0.030537679630256054 0
0 0 -1.8507963303970512 2.5852198641176374 2.6235957183693293 0
0 0 1.8937887725918303 2.534279077431868 -0.012271914379610172 0
0 0 0.12846714908694779 2.893270019098062 2.9197025324158115 0
0 0 -2.497030501842915 3.0487664384594395 -0.2564464011505817 0
0 0 0.5591568781124541 4.200795317707537 0.12269807958404687 0
0 0 -0.6971685010083002 -0.2911759756979043 2.6460178638711147 0
0 0 1.1074196233671172 4.339732690743936 1.054540096411931 0
0 0 3.100033646035561 3.1782615794649627 -0.2690056968041579 0
0 0 1.472443899712001 2.609470674518331 2.846758206829416 0
0 0 -2.709182789635882 3.1516633770803684 2.6403598086177764 0
0 0 2.312476732211783 2.201300455415036 2.9426296380389427 0
0 0 -1.344809310793332 4.021737363830769 1.5529215172861353 0
0 0 -0.3711537891718373 3.521179110308634 2.7670479486930475 0
0 0 0.21840485065834248 -0.3782262894386964 2.8616867686656082 0
0 0 -0.19703530399954028 -0.01812632136484299 2.721468461855237 0
0 0 2.6788547148524797 0.7848343290571965 2.9418893248977476 0
0 0 -0.48869329539283113 2.1183274933219924 -0.31028747942888785 0
0 0 -2.354475188270179 3.5435546965748794 -0.24587040836210916 0
0 0 0.1292298886698089 1.7029401048260784 -0.16453601923140898 0
0 0 -0.9049741693382312 3.270299542675331 -0.3086775775130396 0
0 0 2.128002611431218 3.297221536673669 -0.09436778381370009 0
0 0 -3.137659665298432 1.1890610942018305 -0.007658153706139925 0
0 0 -0.8903536715114329 -0.024923880488639027 0.06320804798309523 0
0 0 1.098390618504733 -0.02111931497342351 1.6438625958816815 0
0 0 -2.6838877555191187 1.1819775699014738 -0.26905497648827814 0
0 0 1.8710056692000379 -0.3308864784477188 2.235489677452576 0
0 0 -2.749062288059153 2.2858659394326044 -0.2295067435712483 0
0 0 1.3882049685105358 4.3927833066235955 0.564448299050485 0
0 0 -0.35566082542455524 3.664964313510269 -0.17476097008291733 0
0 0 -0.3349260132835483 2.7180998886066314 -0.11414215177384385 0
0 0 0.13694725828250487 4.349912089198943 1.9445887643689879 0
0 0 0.3321104468921847 -0.3848935135490745 2.0537248490850533 0
0 0 -2.3287331062319545 3.1266768445130544 2.9489281267496734 0
0 0 -2.6600588136295915 1.5417264122239005 -0.1153550029974908 0
0 0 -0.6820579275463179 1.893749259339851 2.975437882214719 0
0 0 1.7397412431347519 3.7571384512400887 -0.2831569693228342 0
0 0 2.1874695158534143 2.042775699961583 -0.22788879959324043 0
0 0 1.1280256722156974 1.3009713871886848 2.8339197804987046 0
0 0 -0.9931394037735193 4.104427411906759 2.503874679117314 0
0 0 -1.8925419119203453 1.6633496794834208 -0.38016348983958714 0
0 0 -0.6514064976891341 1.7961514150290614 2.7221494544037275 0
0 0 -2.230044606243161 0.6046955591622553 -0.01954936819760006 0
0 0 -2.8718363142308525 3.8566734093403876 -0.26845683338868054 0
0 0 0.08170591224558788 0.7730795341015811 2.847240767048771 0
0 0 2.747164939489651 2.0434658903508396 -0.19175038543755735 0
0 0 0.772984424318095 2.426484022200857 2.8957591039187043 0
0 0 -2.4645847424073986 4.247949971852492 0.9950661353551503 0
0 0 -3.127344996883178 3.1434955470794823 2.636152391883522 0
0 0 -2.652126300678009 -0.13685118757222825 0.13500292561616062 0
0 0 2.235970594831503 4.111902258722045 0.7520023561275109 0
0 0 0.9701551608198873 0.7526078450950554 -0.33094950240900717 0
0 0 -0.28746569918170284 -0.2683368492149846 1.3633152504605273 0
0 0 -2.027570579409434 4.32071154659988 2.6537721207840788 0
0 0 1.1845140376382304 -0.13369737734727466 0.41815535227698364 0
0 0 -0.446082551452216 3.1056104862854768 -0.11007941087176265 0
0 0 2.022202943414932 0.7833173612674754 -0.17083489911650843 0
0 0 1.1649721435611724 -0.34860708688019415 0.45551401118476126 0
0 0 1.6666321292360946 4.367425192367736 0.9436892051428407 0
0 0 -0.06735006703418156 4.103283974662642 0.5318606718972301 0
0 0 0.06649908801376236 1.6135833119364342 -0.3654302092491054 0
0 0 2.2712104956870425 -0.3387750276512658 1.0074030186999066 0
0 0 3.092145894559354 0.2507510796261424 2.6903632398833963 0
0 0 1.6709934692460289 -0.20590526367466475 0.5565713064221401 0
0 0 0.32371524980212296 -0.26496377928847725 0.07280430929951014 0
0 0 2.4859602189493186 1.3592699889961009 2.6393674689734525 0
0 0 -1.5332145679184954 2.252797536638117 -0.15120331337468607 0
0 0 1.3857334009365445 -0.16908041603896873 0.39850773668782585 0
0 0 2.4915002843357392 -0.36555485954285266 0.7041796182334422 0
0 0 -1.2458960395247787 4.067778168984375 1.8127845425804698 0
0 0 -0.3639777347637203 4.32975613021261 -0.33219827718471784 0
0 0 -1.1561106261757619 4.121716271456645 -0.19979631625593283 0
0 0 -2.983831401251447 4.0249798038604885 1.762963305820352 0
0 0 -1.5024212880024166 4.166405339492835 2.8834345582904524 0
0 0 2.140307771613915 2.1956491758631285 -0.024266368091188206 0
0 0 0.6387971675284541 4.202446244877575 2.2934534030301914 0
0 0 -0.62800634810247 -0.16531305031440235 2.180799485290472 0
0 0 -0.9830355447746286 -0.3773796754942007 2.9538086597599382 0
0 0 1.410712943092534 0.29210484073052334 -0.09905328480244596 0
0 0 1.607805052542714 1.0349729704067183 -0.1818703765601043 0
0 0 2.3551793217812254 2.9707291568176966 -0.22212605561659876 0
0 0 -2.9466937732847205 3.907860243355675 -0.19946307479258252 0
0 0 1.8477316142074143 -0.3741711010851454 0.860181843429339 0
0 0 -0.24306010514240084 3.811477110041839 -0.05075310360693486 0
0 0 1.7140608286464607 4.131181451241607 2.6452477417571862 0
0 0 0.03018654690098055 2.106186738706609 -0.3820395625280132 0
0 0 -1.1899305426267421 2.3713191426407665 -0.39731035316499363 0
0 0 -2.31696034069683 -0.31249598489532693 2.0781715903723477 0
0 0 -1.116985943105453 4.029236608804451 0.2849508457048731 0
0 0 -1.0793350272239008 1.7078458588330547 -0.2812015479398481 0
0 0 0.25284222956312696 1.2520690032820805 2.96060015076052 0
0 0 1.3073391839147988 -0.13644076709678338 1.6992797528400545 0
0 0 0.2194683728344211 3.0696168607971765 2.6034475181506536 0
0 0 2.262084760383952 -0.12115881554385027 0.9626469589909701 0
0 0 0.12407685659762846 4.388467480949131 0.4909930598669364 0
0 0 0.7997198250508242 -0.36354196249787896 2.5750982360144157 0
0 0 -0.6107273976003875 4.245953731243577 0.03202406907686135 0
0 0 -0.6744510520665212 0.9670134089141776 2.960009002060762 0
0 0 2.4070358538964474 0.06313419890712918 2.994675927193284 0
0 0 -2.8905677201703686 2.430698697686564 2.9313480467685213 0
0 0 2.4372106478199953 3.8808914110290114 2.697365687087356 0
0 0 -1.5417231309533643 4.062454767962649 1.860142406806476 0
0 0 -0.9502826189224516 -0.3020182276052872 0.8999267601614246 0
0 0 -2.4140758545675896 4.332324551321446 2.000530693949423 0
0 0 -0.12058686723544021 0.3650779139874418 -0.02680318811308685 0
0 0 0.726002115594369 1.528766928585124 2.850381639955586 0
0 0 -1.0025219510950119 0.9999470256349908 -0.24014071748474355 0
0 0 2.2817285916650443 0.7557192997209322 -0.38688996370683704 0
0 0 1.1724302663813333 4.212554467066347 1.6925799308851734 0
0 0 -1.584118416564505 -0.11941323743689142 0.8205911885402021 0
0 0 -0.12651537873894725 -0.13316405438368667 0.9802373631104322 0
0 0 0.524112671037146 -0.11781999975029972 0.14830025828353138 0
0 0 1.8438526922335496 4.0811084799517525 2.8297643078340644 0
0 0 0.05408300987939185 -0.22356200586634697 1.638550743887769 0
0 0 2.052962434387224 1.197033254308976 2.9037271723872045 0
0 0 -2.878035580615557 -0.1789111780456507 0.6171043687794009 0
0 0 1.9515744605040881 -0.07650844475757884 0.798533153542598 0
0 0 1.0901834554285834 -0.07899341650315994 -0.36417495871701655 0
0 0 2.4705958081788726 3.168848912215023 -0.2478322220902805 0
0 0 0.16642134276009646 0.45675832445573705 2.729552580357571 0
0 0 2.6464758663609116 4.317180214500105 0.7876702964203012 0
0 0 0.5363143500101497 2.98888530156175 2.6041563365915605 0
0 0 -1.7098450300910624 1.2408465371165986 2.7542779211369153 0
0 0 0.278683080980779 1.6228352101159484 2.9177460490277047 0
0 0 0.7582614942418329 2.2447899637606246 -0.35454493703675216 0
0 0 1.9083774749988782 0.3158959444762741 2.9224834578844034 0
0 0 0.8839139560771274 2.9162324030078244 2.8705162206013073 0
0 0 -0.026894633751139096 -0.2225539794462229 1.2658478803025563 0
0 0 -2.5565943027075297 3.1052620065701872 -0.14048974144910253 0
0 0 0.950507315772672 0.5018138147446503 2.8087485200169917 0
0 0 3.072426359498917 -0.3737941960924334 0.15575024769100557 0
0 0 -0.9045948870689968 1.8674535751777843 -0.3609618660445127 0
0 0 0.28779376337658924 2.1689493810254357 -0.2292476880387133 0
0 0 -2.3686655609989753 -0.08622181007516633 2.6840370237711086 0
0 0 -2.2474504102776742 1.727016240251026 -0.12806516059794315 0
0 0 -0.3547543713738457 1.5378177984550518 2.899343996571389 0
0 0 1.1006249658284348 3.6231903096771796 2.854513508645698 0
0 0 -0.8120503769479996 0.8419557703705406 2.861380153298499 0
0 0 -1.3180716286487386 -0.3858492111676075 2.564700235158675 0
0 0 2.463006648714943 -0.1631793374188989 1.2370225339546765 0
0 0 0.9110376567863012 1.0412554928520419 -0.09021131417152034 0
0 0 2.877989337910698 4.126838003376416 0.9870802615115223 0
0 0 -2.9800407917315552 -0.2687871247657192 2.923960419192541 0
0 0 1.0510459777522625 4.382040387949184 0.963922465748031 0
0 0 -0.20869412830352063 3.2920530867632642 2.924197639701363 0
0 0 -0.21213161135858538 -0.3899751109869447 1.0137711572909804 0
0 0 -0.512795964448951 3.8604750057150423 2.8744112291203487 0
0 0 2.4414355905779113 -0.04196553959971666 2.5079552224267196 0
0 0 -1.196576379987357 4.094743442729259 1.2267639421152015 0
0 0 -0.2155353113793117 4.066123200625081 2.3874102358506573 0
0 0 -1.1615183446864257 4.040550673304011 0.9248029587930049 0
0 0 0.002250378496649663 0.8681171887714118 2.708131891818663 0
0 0 1.891431904623956 -0.16838912728631805 1.6333657838847073 0
0 0 2.0621077587236227 4.369197734148611 2.800220524794666 0
0 0 2.778834091117165 -0.025141717028516752 1.2839462868138407 0
0 0 0.1314008790550547 -0.26270266230186934 0.8586870632213623 0
0 0 2.8301668148433317 1.5874872683664045 -0.23446007249557646 0
0 0 -1.151480468050064 1.4704199639495856 2.911432932553057 0
0 0 -2.1635129799563977 2.628455036122004 -0.0777882165373181 0
0 0 -0.9814246406444931 -0.18793539939159376 0.8512579787634735 0
0 0 -1.1011890497745913 0.03164315313537702 2.7998303423562327 0
0 0 1.1699445933801513 -0.009927113299432189 1.837807953741043 0
0 0 -2.5652040296004834 3.8572814654426684 -0.1377028931127094 0
0 0 -2.3620010880239954 -0.004911420929006538 0.8307612119408809 0
0 0 -1.6772866089702683 4.313501645740028 0.015055268317679449 0
0 0 -0.5766861354115225 4.151710445646858 0.8399963500773697 0
0 0 -0.386290407815725 -0.2446244515704671 1.7129838148446492 0
0 0 1.058018648958213 2.955403791366104 2.6755250592586153 0
0 0 -2.057464394895174 4.259865176805973 1.4066452331804544 0
0 0 -2.941142731127673 0.9721695271778913 2.913087966376188 0
0 0 1.0247223308457203 2.151240678301528 -0.23314230281365084 0
0 0 -1.9131321477983292 2.798451529049638 2.9672032592410376 0
0 0 -1.028887676295113 3.5150468887291995 -0.020791681530838158 0
0 0 1.6935084703388688 3.9410762830754087 -0.023358385551377203 0
0 0 -1.2362975895159056 -0.08725853992435462 1.4794041839000056 0
0 0 1.8498458115420142 4.21657872203328 1.1386055095677725 0
0 0 -2.254046485726022 0.2399821361158776 -0.08902701787308992 0
0 0 -0.03531083446582883 0.09028751373484728 2.97258148700028 0
0 0 -1.0618433243224836 -0.1430437477795063 1.5750679423696514 0
0 0 -0.2551055708964176 0.5490982063411225 2.88796751198885 0
0 0 0.76431609920866 4.2811913014607414 -0.023684657026414924 0
0 0 -1.6521518328443057 1.340223857056745 -0.33596582988711854 0
0 0 -0.32426575829455917 0.9902023817596134 -0.20305703337102582 0
0 0 -2.7200082565620542 1.728428925644431 2.604451845720017 0
0 0 2.0433927949149524 4.146018298729844 -0.39719277169998135 0
0 0 -2.369392769340027 2.4643621533406765 -0.28205928913331696 0
0 0 -2.0228579252257934 -0.0053124806565384985 1.8977955183926256 0
0 0 0.651566216930358 4.286861046126954 0.1969285770143352 0
0 0 1.5285957133116126 3.0180815240569516 -0.2798844985562745 0
0 0 3.1234233920384824 -0.06654689809403114 2.3551728845682702 0
0 0 2.1193594698982388 4.295029790734055 1.0051456869620525 0
0 0 -0.4759355039442221 -0.0684595074719796 2.61316464496066 0
0 0 -2.875126484649297 3.6928619339411237 2.88120593876992 0
0 0 2.7067872616790067 3.2496766360304217 -0.1359696868236317 0
0 0 0.1624039700252684 -0.2699309228473471 2.746606137987141 0
0 0 -2.52503011289939 0.15156996028956038 -0.2021748839596026 0
0 0 -1.1938722913151203 0.3120205640970535 2.8898219422421723 0
0 0 -1.5347206877162851 -0.14944798115624736 1.9694944327202588 0
0 0 0.8056464075486796 -0.17892975330186212 0.7513736182211177 0
0 0 -0.6061059565081779 4.092494777614357 2.1914574123791737 0
0 0 -1.7036940074883042 3.8573775102373964 -0.3711765002867935 0
0 0 0.1805613948729614 -0.3593698089742755 0.19502341924736985 0
0 0 3.1246825163728698 0.19814572703928246 2.881247019194527 0
0 0 -1.5662192311941905 4.042215527379497 1.8434451337523303 0
0 0 2.4019621220457443 0.5989206094021806 2.7476932447716735 0
0 0 1.4017393835159657 3.2601520776072745 2.865822777632007 0
0 0 -1.343969490314993 -0.03729041004239064 2.5543650434142333 0
0 0 1.9269521188361871 0.06294083147669027 2.905529909250775 0
0 0 2.241901585951295 -0.2504360092111589 1.8992859697525823 0
0 0 -2.3618137725497417 2.8322500816099017 -0.08981337357319458 0
0 0 0.4368706281912713 -0.07822822564996029 0.14810402168860035 0
0 0 -0.7345210064047145 -0.017433676543429755 0.9398112805236613 0
0 0 1.0231136512723227 4.3211113295024415 0.6605572157265754 0
0 0 -2.7118682191432786 1.4027909129274732 2.7336491304050874 0
0 0 0.3606037892902454 -0.07943184522616681 0.8762279035959935 0
0 0 0.757753909329395 0.05710021328605197 -0.1368617424034218 0
0 0 1.4118986991786588 4.341419140361309 -0.10821106267347685 0
0 0 -1.707701393264069 -0.1781008342477312 2.903180607895153 0
0 0 0.8603077423584908 3.6469444257461636 2.864123019656423 0
0 0 0.8193395981827547 -0.14075812422014827 1.037179185163192 0
0 0 -0.7505353467456115 3.067995044921141 2.816113383404052 0
0 0 -3.021409972284532 0.7116165617746933 -0.015158427561926868 0
0 0 2.794848678469865 3.483097126546452 -0.16758691488526006 0
0 0 -0.7926780859224647 4.055468871202966 2.9779924437310363 0
0 0 2.9084921082854773 0.2166666764440781 2.681544313523404 0
0 0 -0.2377125786483676 0.015333603433512866 -0.2519518967235488 0
0 0 -3.0592890447594905 4.04954542203775 0.9804574324296148 0
0 0 -0.7839204324077347 3.2623939681195053 2.999188390316856 0
0 0 1.3305895043056752 -0.3999744790089623 2.3965419245045356 0
0 0 1.2521673150784567 -0.1356986423138863 0.45038419279429137 0
0 0 1.6659096436293597 4.270457250084963 -0.10795710773998263 0
0 0 -1.7760326696879298 -0.23804390653505597 2.6411720772039358 0
0 0 -0.6367177095244951 4.260329782015596 0.7776264182938243 0
0 0 2.9487744565321137 0.16277181669743668 -0.024324801991398082 0
0 0 1.3664296604239352 1.5419669381071825 2.9023676699207956 0
0 0 -3.103586352180431 1.3960696141726125 2.811998109972499 0
0 0 -1.940202115135203 0.8069611503743913 -0.34297588099568843 0
0 0 1.3641471158858698 0.5270151681934075 -0.19596830410098354 0
0 0 1.3440823230051313 3.7953647842778984 2.736827428221797 0
0 0 -1.0585598349307759 -0.38433451853748335 -0.3359182643757017 0
0 0 -1.5211371307826307 -0.30826434569397443 1.6447923579029096 0
0 0 -2.5549400869675427 2.0508633860312258 2.8347356877720773 0
0 0 1.9223065815421663 0.8810242931307187 2.916554285904489 0
0 0 -1.4174728933935665 2.3247719928171113 -0.38954735415087094 0
0 0 0.02158582363564765 3.6658888682110455 -0.3060202528960692 0
0 0 2.263697390081642 1.9271198856328744 2.75989495950351 0
0 0 2.2303101555599776 -0.06447147352227578 2.8037657105059726 0
0 0 -2.3906420039129483 1.98205040189299 -0.36657334285913196 0
0 0 -2.9731515122842596 3.1602572240797873 2.6165143851748542 0
0 0 0.44549354624704485 -0.28493692275003224 0.8323674823670695 0
0 0 2.035813559583686 3.79778778181875 2.733195544335026 0
0 0 -2.4028984915996756 3.8588886764022408 -0.2837737161249656 0
0 0 0.9590155857882099 4.219384416714311 1.0940452551054287 0
0 0 2.391031161368965 1.422995789629974 2.8996895421633853 0
0 0 -1.3134861410162775 -0.21149221773836235 1.6129199288993643 0
0 0 -2.8569306301633195 1.157219081608377 2.9554079274961844 0
0 0 -1.7066135877918494 0.8180845568420559 -0.36716139945207327 0
0 0 1.7872336162962768 3.800073544386184 2.7522956619329135 0
0 0 -1.9612683466689294 -0.053160581137362106 1.6849990735130302 0
0 0 0.8552222622113188 3.67410573582661 -0.3065256725162733 0
0 0 -3.124116739419204 -0.15343738924114506 0.9546240046788256 0
0 0 2.293832294563024 -0.016743648851900383 1.5354420707649792 0
0 0 -2.718073062471978 3.3067717016701095 2.91149444213354 0
0 0 0.616420852552428 4.223916422805517 -0.2600240207805188 0
0 0 -1.8770830590582785 1.010478368492004 -0.2825455657378031 0
0 0 -2.6228729442021748 0.42022944617847857 2.8236615760533232 0
0 0 2.0323885918030973 3.5430110371669645 2.946633172964431 0
0 0 3.127569460502378 4.205954969651197 0.08710523726294846 0
0 0 0.3172949843391941 2.5199019805768867 2.6784426349455943 0
0 0 -1.7104957372996104 2.568568586349608 2.765952130836526 0
0 0 -2.9135911922611784 0.7418669842311921 2.665816031357701 0
0 0 -2.457800488361168 4.376504925778471 1.6702601050747994 0
0 0 -1.4657979862261055 4.179993482370271 0.8566162451083299 0
0 0 0.34492153895780975 2.1442206922011087 -0.21568723946175666 0
0 0 -1.7988392744710358 3.0089818858316026 2.6022331460527104 0
0 0 0.839378172994643 2.1967164535382895 -0.09579530665798186 0
0 0 -2.7670896832893477 2.050453602929889 2.923907496799069 0
0 0 1.5701481801027874 4.165202929449071 2.115415611584562 0
0 0 2.950633477135905 1.6266971214492298 2.8496624448852295 0
0 0 -1.8726138915941515 0.14156336433306427 2.7093508322920083 0
0 0 1.7909656365642173 -0.2666748455455842 -0.05456169920017084 0
0 0 -1.5637709728178366 3.990572003940208 2.6984914108198113 0
0 0 -3.107096131397871 -0.13015693575097348 1.2127769750850739 0
0 0 0.04477400180061375 1.2933139945142442 2.629156713814805 0
0 0 -2.5039214384834767 4.108254235168241 1.8979759382102015 0
0 0 1.549705573263921 2.5248103238507276 2.6729298785472033 0
0 0 -0.5930008109026739 0.2771851721564125 2.6715107308697106 0
0 0 2.3723287989092476 4.209136211377155 1.2167679045552375 0
0 0 -2.252356071551047 -0.31913241986878327 2.2920601944734758 0
0 0 2.051251990618554 0.1257296920076919 -0.2030424321958023 0
0 0 -1.3845867864256687 -0.10670839158836887 -0.057041249385910264 0
0 0 -1.4680961056319586 4.3112433401034185 0.669245885955527 0
0 0 -1.4741602239635005 0.8763572802742946 2.647997598898966 0
0 0 -1.9485659213453776 2.469828334936986 -0.22767794600195057 0
0 0 0.9942175435108238 4.338321268064325 2.7354223087345435 0
0 0 0.4166621199535916 4.362980467300997 1.818877542353967 0
0 0 2.7781597183766635 1.3772370574077324 2.8900963924879166 0
0 0 0.5540333731492111 4.008089438610439 0.6331981196066444 0
0 0 0.3066383943261921 -0.08050364547455047 1.4459012814779584 0
0 0 1.2253993684013622 3.1580280068392588 -0.3392150666658011 0
0 0 2.120223351127745 3.430019082503345 -0.12083968585928329 0
0 0 -0.6451332218565375 2.8342895415053015 -0.14577805750261924 0
0 0 -2.4657902719354343 -0.34959205521433667 2.306937909904216 0
0 0 -1.3609897438656162 2.9053120462696604 -0.32497638511798055 0
0 0 -1.4784365493265559 4.046462497845561 1.2565210005209493 0
0 0 -2.3520289377976464 4.160080688643754 2.9873812040842864 0
0 0 0.09977318328230256 0.6018440863678148 2.7464214839326364 0
0 0 -2.084471957464549 1.631293378167706 2.714386160915382 0
0 0 -2.2956564656383334 4.150622985419446 1.0162119205316131 0
0 0 -3.048558338689716 1.6223684952547153 2.87905904752518 0
0 0 -3.1291026981985777 3.2329897610829326 2.90386758650305 0
0 0 3.06638053444473 4.331307004421646 -0.25892619297559305 0
0 0 -1.3630912349891169 -0.1022338504845306 2.793429717769911 0
0 0 1.2426243976449447 1.1544376954760276 -0.3579628772086114 0
0 0 1.9726613332517378 2.1990327596275554 2.650557332717223 0
0 0 0.6278931785780335 3.9992258379944743 -0.345675905233894 0
0 0 1.133919859793468 4.018239874694729 2.8358564735512646 0
0 0 0.5975535729073975 1.9990554782127026 -0.32101535347494353 0
0 0 -0.9650825519492621 -0.2034954530262013 0.914508813535973 0
0 0 -0.6820795209777946 0.020318689232234843 2.6318628998218143 0
0 0 0.7721562141739686 -0.233204532468298 -0.30200846179056406 0
0 0 -2.4138551063161144 2.6210008207613815 -0.3276990066621063 0
0 0 3.1180054417386804 2.2976725852493094 2.8813563622575784 0
0 0 -0.5830519407661394 4.243695375616859 1.1065615047184398 0
0 0 0.5875707396093661 3.903401010594552 2.882295504796982 0
0 0 0.10012680875945046 2.654604330599368 2.6360803904885164 0
0 0 -0.4801298044529805 -0.1559269255146093 1.7871868840027547 0
0 0 -0.27242517577560355 -0.3281478912471356 1.9976360776768394 0
0 0 -0.20150515779130806 -0.08096052577644025 1.5598860322061396 0
0 0 -1.6805273952709272 -0.09669151732087455 1.371634659651931 0
0 0 1.8759234775627354 -0.304993276184679 0.40245006272168116 0
0 0 1.3236777437458738 2.47933658403226 -0.0501991422176607 0
0 0 -1.3615959060886254 0.557696528358003 2.947766364557588 0
0 0 1.1961484504570343 4.248429279781788 0.9943445399487292 0
0 0 2.5784155851448762 3.1376612931444705 -0.3597786111933932 0
0 0 -2.7067235312918374 4.395329350911709 -0.14094378065960617 0
0 0 -3.085070745066788 1.8020255411934811 2.9371839879916406 0
0 0 0.23098090921890124 0.4284065630704029 -0.3688641170514415 0
0 0 -0.7567180949748189 2.758571651454351 -0.10487713094987927 0
0 0 1.795809281600568 2.423738088150923 -0.07545261617927557 0
0 0 1.7569535856398915 1.0038788058650083 2.779813024059932 0
0 0 1.1153672684192015 1.124466914307643 -0.23794670325818357 0
0 0 -0.7618015746082691 3.8341696040583755 -0.3542190448498008 0
0 0 2.595896631719075 2.743242150542836 -0.09865318244935395 0
0 0 3.0226792734809536 4.297507411000981 0.3395228047981081 0
0 0 2.846527041181636 3.3884295308801096 2.978953882627166 0
0 0 -0.45703986399746643 0.4866162231643524 -0.3689194698488009 0
0 0 2.9291575677632915 -0.08075050788171206 2.0125895006680032 0
0 0 2.8948012024904655 -0.1273867686410305 1.8722271908584516 0
0 0 -1.2688910097034498 1.7829283786539927 2.7513102862629486 0
0 0 1.7380040128659209 4.124784146553811 1.3769284581211239 0
0 0 -2.603030200307704 -0.28173638185022404 2.7632541256775065 0
0 0 -0.08998797477628395 1.5149201132686838 -0.2155546980484805 0
0 0 -1.328392682109178 3.2741651693602107 2.7954388618588473 0
0 0 2.2994137318325976 3.4581498536764776 2.86883211625747 0
0 0 -2.442364136886585 0.9749957577553127 -0.18823710654942039 0
0 0 2.464085958060804 3.2757639275120694 2.6769169118123846 0
0 0 1.6235776179633437 2.320918584514515 2.688369078201299 0
0 0 -2.060783388367115 0.8144489741777959 -0.03393500587380005 0
0 0 0.7151477711705372 4.039447946684519 0.3654516833364743 0
0 0 0.39651517077566734 4.159329412134276 0.1109315275037851 0
0 0 -3.05085206907113 2.9430925415693054 2.6016191087718963 0
0 0 -2.8793388980316457 4.04257786018625 2.6847481565124127 0
0 0 -2.6950787156356633 4.063276758109077 0.5543300908030486 0
0 0 -2.5379928396958267 3.4327306581264976 -0.09967233166559508 0
0 0 -2.0076078620811098 -0.018301717457069766 1.1279677353381736 0
0 0 -2.762150724635427 4.335405449768542 0.5830149345437499 0
0 0 -0.8331405873860924 0.22488419610778287 2.606531020828725 0
0 0 -0.21361547514388413 2.6586204307674413 -0.2857275102633554 0
0 0 3.119065876118354 1.6979689885201843 -0.0525227502272676 0
0 0 1.2411048384690604 4.375334664860161 0.7913611951972781 0
0 0 -1.4519232532147661 -0.0729273126684793 -0.08723544345619694 0
0 0 -1.264034592455847 4.124546447779903 2.7018390076705185 0
0 0 -0.9310485928041614 0.5458143238066433 2.8169394231756115 0
0 0 -2.8556801359510335 -0.24982784533505678 1.6488672465585534 0
0 0 1.5136416335184837 2.945479047067192 -0.25098364123999395 0
0 0 2.1969319246160808 2.9146270555168474 2.982750850137369 0
0 0 2.420650794942353 0.458735276217768 -0.11448029470876553 0
0 0 2.4079157564330194 4.024201413021931 0.7822699992416768 0
0 0 0.21171778646180428 4.2249115479389605 2.6578017253298163 0
0 0 -2.5850129412587664 4.127678905674236 1.118849784292753 0
0 0 -2.7881268348300887 3.0167443234872975 2.886458297159165 0
0 0 2.1068500668407317 2.4961520394955286 2.629122427451015 0
0 0 1.9756837689665794 -0.27961484570474393 1.1708195744152075 0
0 0 -1.8416358149512602 4.0281511826348915 1.5622769665694078 0
0 0 0.37345367077054936 2.7565102898575415 -0.21147642257487004 0
0 0 -0.9953407925929181 3.210240193918893 2.7378212331536043 0
0 0 -1.8164060344268538 1.146928769924437 -0.07305432900823644 0
0 0 -0.27312275929947116 -0.08999671464209047 0.11170238704505056 0
0 0 0.09127803494587505 0.31780416594976824 2.9047388245576724 0
0 0 1.124312136030551 0.6991571731652942 2.983734611691406 0
0 0 2.5903064390566692 2.700049094897047 2.85802582048102 0
0 0 2.1266622752569893 4.06093150280973 1.9562131859995853 0
0 0 -0.47775678772407204 -0.16537883328431052 0.9297948809825498 0
0 0 -1.6468454367207401 2.3242306300755144 -0.37076912767643216 0
0 0 -3.0837244978761245 2.772836845636169 -0.26999191468331896 0
0 0 -0.3093066033597158 2.3039101956692822 -0.03279063223915574 0
0 0 2.7901301959811837 4.179632139609445 2.5977849236956554 0
0 0 -2.3543352094227825 -0.2731123410562087 2.450741444470791 0
0 0 1.4638536033995662 0.1425711863520409 -0.023342885438094485 0
0 0 -3.0436761869912923 3.057956058033446 -0.20561413168332665 0
0 0 0.14012315018175414 -0.3186198210325296 2.8828843464170446 0
0 0 1.967649198974871 4.318759859343313 0.2417629384343303 0
0 0 0.8939263969719065 -0.3479089672002658 2.906753820291471 0
0 0 -2.7319425106034174 -0.012832640027219344 1.2668561254197879 0
0 0 -1.1620189438591488 -0.10954350893786519 -0.20352583792039988 0
0 0 -2.0256357855405254 4.359978431128962 0.1826616679401202 0
0 0 2.1837461432150747 1.9361852745125603 -0.3932594686666429 0
0 0 -1.7475561837349634 2.760635284702089 -0.22707664414968687 0
0 0 -0.1857160950707808 4.3521855168847265 2.4914643103048206 0
0 0 -2.92552663329478 -0.11088125141283811 0.4342516633033493 0
0 0 -2.828081445243931 4.3480618246977905 1.360187373114127 0
0 0 -2.1795604331162974 4.051217784947991 2.897713975924248 0
0 0 -1.3364780233975762 0.03852063794867411 -0.2556253917564947 0
0 0 -1.9048116665679848 2.3240141687859492 -0.39655400860654977 0
0 0 2.439739017371636 -0.34462968028875274 1.0471935216386332 0
0 0 -0.4560193833463604 4.047131305910325 -0.06195078978727592 0
0 0 0.589214404035284 1.0511775004542936 2.909348851929386 0
0 0 0.3286272547473015 1.8050137714929528 -0.05887394839254123 0
0 0 -1.0986810938289322 3.268621857276752 2.833693797132969 0
0 0 -2.02432625295989 0.09442951737957095 -0.1525081257684654 0
0 0 1.5860297166713169 3.744986580605175 -0.012081174925288263 0
0 0 0.9243296672916763 3.5600679809647575 2.9797010196227096 0
0 0 -2.846965936621419 2.6990140074964932 -0.2367101139068152 0
0 0 -0.8556365082501212 4.270199513405972 2.3376112671821208 0
0 0 2.272960467706376 -0.2402487636869709 2.1271344562501775 0
0 0 -1.9466397242387603 1.8851769915286076 2.7376120648110533 0
0 0 0.9101695891724679 0.4622816913623017 -0.2790749582993384 0
0 0 3.013338677129406 4.236048015374413 -0.33436142595750096 0
0 0 2.8695219945688555 -0.0951051711527558 1.9400928934453865 0
0 0 -2.0911575336240578 -0.05928923581714107 0.4388295876221058 0
0 0 -2.8792069490060404 0.17800650006279073 -0.2705937856933023 0
0 0 0.28816646448829086 4.187719244288964 2.7013609455517535 0
0 0 -1.1514527514514459 -0.16567535203972558 2.0651344684245694 0
0 0 2.3655312471446983 -0.05055994539325315 0.6858057568019196 0
0 0 -2.3318383484717513 4.161229976012241 0.005605453933543037 0
0 0 2.275487272848909 3.942231572613434 2.817376401202 0
0 0 2.9264675249833187 -0.3076621976185271 -0.34522529217148173 0
0 0 2.970362452445528 -0.011841653908836625 2.861363860442366 0
0 0 2.238362400213771 4.277271385563855 0.7150515520453266 0
0 0 0.37971377698061826 2.2377029798503716 -0.1355611414239189 0
0 0 2.3823825020468554 0.6374644013893799 2.7970621803828495 0
0 0 1.7495612058041976 2.006612929349116 -0.2945158689386637 0
0 0 -2.1285356531191812 1.767661575554968 2.8937581935254126 0
0 0 -2.2800230566752346 2.871574331838612 -0.2684041787702567 0
0 0 1.9173665218169518 -0.3885775953830499 0.44221587997143885 0
0 0 0.7021764438155875 -0.03204611977606464 0.4376561967734521 0
0 0 -1.0299436880296438 2.0642280642745106 -0.07513610935227832 0
0 0 1.423948229114739 3.6278372709506397 2.8126671094880464 0
0 0 1.6548679240210529 -0.025763695060859404 1.745897086453847 0
0 0 2.4975410486564718 -0.1647098616269969 0.4197858883597985 0
0 0 -2.135293456651963 2.7114225987582117 -0.30821347218666334 0
0 0 2.4110573047603188 2.1694300406046385 -0.39869599456316884 0
0 0 3.1188863713826063 -0.2704693469424524 1.1016400846865497 0
0 0 3.1128708612681235 3.0916504381532994 2.72761924407172 0
0 0 0.6506213169931976 0.010652875850887478 -0.37072373421227156 0
0 0 -2.153916679764057 -0.24566005520000986 2.0601403379152265 0
0 0 -1.4769148466928494 4.3887237363232385 2.2650673933144962 0
0 0 -1.5390914504486846 4.0556915062220416 2.1916375733011275 0
0 0 2.2839622584633457 -0.27156456302625664 -0.3112049064974205 0
0 0 0.7689082673748273 2.0200524956483723 2.985481760203083 0
0 0 -2.938359734344081 3.322837213523929 -0.1921054253977053 0
0 0 -2.566974005302321 4.252998976444727 -0.3717119547627428 0
0 0 -0.3908088944882202 3.7300732038633355 -0.025710632983107273 0
0 0 -2.426656558978939 4.344922780085492 -0.31241802421137144 0
0 0 0.050215799655713766 1.9999481821389087 2.801687305266811 0
0 0 -3.1407115453176475 0.1681904778444886 -0.047817363671003976 0
0 0 -0.5707718938455413 0.6586852845959849 2.7583933077956955 0
0 0 0.9272376454486286 4.044777336257908 1.7822151572343727 0
0 0 -0.8486354832973193 4.096860186391365 0.844487874741872 0
0 0 0.19323397076951343 0.4300285303623833 2.7478673669749374 0
0 0 -0.7157807239279692 -0.35468243465827837 0.5335436023625039 0
0 0 -2.7815309193600246 -0.07483101826427696 1.469617348494581 0
0 0 -0.5502148075045947 4.372258354358769 1.9533490316655822 0
0 0 2.2713968288710698 3.227152341937767 -0.35295425622506454 0
0 0 -1.0864094889003684 1.2706960976089903 -0.27213694261724475 0
0 0 -1.3618523647792584 -0.3774128768425995 2.376313339003094 0
0 0 -1.2769209814710605 -0.11594181438592172 0.29768136647279136 0
0 0 -0.15698201843457849 0.49612830019003207 2.8675510535644158 0
0 0 -2.3832874229821326 0.13222680503476547 -0.29409485220533765 0
0 0 -1.1680852258050258 0.5244928723729756 2.6635320462903684 0
0 0 1.1788673462859878 -0.04346307804060656 2.4349450182177246 0
0 0 0.9250947381086787 4.0421219019886845 2.4083770303601946 0
0 0 0.6642615944433516 3.1920792508125118 2.739353844878051 0
0 0 -2.9970109080813225 4.32124224437799 0.2940353436768907 0
0 0 2.672346880079931 2.4137874940202604 -0.3390498166068079 0
0 0 2.726934674984827 0.1888332707455641 -0.3288509299606018 0
0 0 -0.23180813375648546 3.539831515700361 -0.2944148802572929 0
0 0 0.5864720128088763 1.3925997001675032 2.9649554735748898 0
0 0 2.292697367725731 2.269699192840164 2.908177216547881 0
0 0 1.3555425993597696 4.3857141128827175 2.4011961887250277 0
0 0 0.5078180573912077 4.104042084556219 1.2442761846589168 0
0 0 -1.000393493603101 -0.22953814915606527 0.2075108982258724 0
0 0 -2.9480534855680536 1.8323792073964489 -0.1472578140884288 0
0 0 1.2570772174037073 4.1484886756013655 1.2793840677834618 0
0 0 2.2993193471955093 3.0931873539473997 -0.15296300484218764 0
0 0 2.8044444582520898 4.192271565632391 0.3658230386975236 0
0 0 1.609828649043247 1.5708966975705514 -0.37923681504056467 0
0 0 0.9418935041451357 4.377158438685837 1.3731721351567252 0
0 0 -1.6589285937499505 2.354962241771016 2.6733538564612145 0
0 0 -1.8615600110992576 2.1577708646844584 2.8753007366475454 0
0 0 -0.9702380556853432 3.866800103411846 -0.1966495758092271 0
0 0 -2.6328991438103646 -0.2071144855880546 2.080461912311507 0
0 0 0.18074354434441586 0.424256211473548 -0.21526748754041056 0
0 0 -1.1038850235555118 1.291265620234253 -0.34155133268584825 0
0 0 -3.0716852144333195 3.055311788485186 -0.05964116584908047 0
0 0 -2.9039906413336127 1.687908431001158 2.9045768928499927 0
0 0 -2.929837387873958 -0.2917625821092022 1.5563987578940701 0
0 0 -1.9505018285698015 4.30307405790094 0.5709601196809581 0
0 0 1.2834698993058815 3.9750972087099252 2.8008276245795805 0
0 0 -2.0919300124603044 3.376752611538071 2.6453727094224577 0
0 0 -2.0171646160967582 0.5884783784319468 2.8355310822597355 0
0 0 -2.0514975439468555 4.322723796022782 1.7811733933167198 0
0 0 -0.4090311709372956 0.16931983569753128 -0.1855843409065585 0
0 0 -0.3947404710282161 3.7650765422352577 2.915162389165337 0
0 0 2.6108347891405934 1.2121491557941173 -0.11651071308202493 0
0 0 -0.7348739343897845 -0.26311778282459575 2.138912385691002 0
0 0 -0.6333919676293047 4.362659843114755 1.0106928879867312 0
0 0 -2.612435969344027 4.00581765551611 1.1764575840276987 0
0 0 2.6027460246394263 3.450068038658444 2.868506567597523 0
0 0 -0.5411398590585459 -0.35591362040110985 -0.21367852689164094 0
0 0 -0.8137437229541096 0.5762055391918972 -0.10513427059595493 0
0 0 1.8177525911320016 1.5684821813581271 -0.10646838331771974 0
0 0 -0.39610035639566643 1.2701372017025645 2.619395763759973 0
0 0 -1.9324902512049775 0.02629511723886685 -0.12941807496402497 0
0 0 -2.9631791905688143 4.247086582766684 1.6064218579100735 0
0 0 2.359455753499126 2.565692709563889 -0.32013156444956214 0
0 0 0.9218934841365964 3.1336599232653235 2.710232790459655 0
0 0 -0.9445561119957304 2.88073074520333 -0.04945831775771675 0
0 0 -1.3781522026735757 2.3883133108585795 -0.1836342442594135 0
0 0 -2.2106073502308847 -0.14835524580671483 -0.11161093082606866 0
0 0 -2.8758724243707428 3.319649622607016 -0.1675468579000401 0
0 0 -3.033108439656711 2.1905936887069344 -0.08541517258657877 0
0 0 -3.076491959572477 4.006463623680338 2.185393838872138 0
0 0 -0.021374865348999794 -0.39499590515501487 0.3713033225457054 0
0 0 -2.581954636794313 0.831682815609735 2.617140080529832 0
0 0 -0.28254139505794695 1.3374030145193876 -0.2079640438434574 0
0 0 -0.44216656178544333 0.19449533880917547 -0.012094645436749762 0
0 0 -2.2045600860514596 1.4988044987305482 -0.32401174668325733 0
0 0 -2.0872585475531933 3.1490323730330503 -0.36886408338696186 0
0 0 -0.5020547821466019 0.775311664555493 2.9870162943543472 0
0 0 -0.8066261644708868 -0.19570318825678434 0.09113299989075861 0
0 0 -1.3354170726719867 -0.37012838436181 2.6405721768812183 0
0 0 -0.6808615426599802 3.1729424093011365 2.629011254465776 0
0 0 2.007681542202783 4.278709760399211 2.8794207570788037 0
0 0 -2.598701832775991 1.4904997025574205 -0.31626945018083263 0
0 0 -0.24528108435697815 -0.07368962136734286 0.3387297628761436 0
0 0 -0.1903336457880922 3.0756768273446946 2.8877351434296488 0
0 0 -2.774967015551965 3.0666918939138568 2.9825933856447358 0
0 0 3.072546918285262 0.8167309054466539 -0.37902805984098153 0
0 0 1.2998170038850363 2.203935020192229 -0.3274018575249593 0
0 0 0.5817209505528704 -0.24949325366203112 -0.13288192023705114 0
0 0 -2.306254844450582 1.4897150585198644 2.812849644772427 0
0 0 -0.08478068600411115 -0.37690191908373194 2.1888212284848434 0
0 0 1.972195133659926 4.119629511071944 0.6851610333495699 0
0 0 -1.8072102997154578 -0.1570660988219657 0.5988720219589783 0
0 0 -0.2218297720362683 0.40717968129698245 -0.13764080791143596 0
0 0 -1.1101456291804368 4.039796830224859 2.8546592542870597 0
0 0 -0.9750832460639836 3.9564216481035266 2.8000083646158282 0
0 0 1.2774505949605652 1.8622656038634604 -0.3616445759294667 0
0 0 0.5655713813629233 3.1199710584436366 -0.010390799053081823 0
0 0 1.4187129655420838 -0.2519200970753759 1.892988500495931 0
0 0 2.4559339818129464 -0.35171596492910795 2.629235445663112 0
0 0 2.0412156889520814 2.6337540336298537 -0.11817277195919562 0
0 0 1.9808107325312898 2.6037504075015874 2.7094823263028163 0
0 0 2.238841449504907 1.4107733015770658 2.681555473896183 0
0 0 0.5596961948284491 0.5513772350755478 -0.16004689684992326 0
0 0 0.27516201140374985 4.0507410997860696 2.3878487046583006 0
0 0 -1.6535369370477548 3.174031667996044 2.864351265906927 0
0 0 -1.3888251095028095 4.049398166640316 0.08297574985178557 0
0 0 -2.2249032430190976 0.8233252173795428 2.8089278778163562 0
0 0 1.3778688126319594 -0.23625066537720502 2.3091352910153202 0
0 0 1.5784860826701852 1.580855905600559 2.9274979725036228 0
0 0 1.040659752754669 4.074839871285576 1.6832513755122425 0
0 0 2.73743892391722 -0.14134871230998863 1.8064593429190068 0
0 0 -1.1273183842969767 0.7537063420670077 -0.10817569356426132 0
0 0 2.480017982872578 -0.3520396288301341 0.6273929737382004 0
0 0 -2.634442192621066 -0.14712530688633746 0.4048406027882672 0
0 0 0.9671829588324634 0.2512470947035266 2.976256539593963 0
0 0 -0.015649387079979427 2.0269803316277164 2.6990993970414636 0
0 0 0.37203602089750465 -0.2715654155339094 0.394279615737256 0
0 0 0.5183792300236636 -0.28436299801230724 2.3164712727901042 0
0 0 -1.2291313526488183 4.113311050406551 2.6189538961426875 0
0 0 -2.942386895598435 2.909719811002968 -0.21540673084875017 0
0 0 1.6757666996028062 4.125774033756667 2.708360326475724 0
0 0 1.6721159906911085 -0.33183677232406816 -0.08299584151134443 0
0 0 1.2407887993571993 4.141662978733937 0.8448822186327384 0
0 0 -0.28044705776373213 1.9394210182014802 -0.0018434424908143066 0
0 0 1.7864748963008203 -0.1641145151409329 0.7505061428628416 0
0 0 -1.0467301417043933 0.8045283334899652 2.6563788362681184 0
0 0 1.6101879431144566 1.9932208340554984 -0.11673771620263818 0
0 0 2.3128807998467087 -0.39323728276277975 1.588804916658152 0
0 0 2.49563029013214 1.3754198643038462 -0.3784317268821947 0
0 0 -0.11881918840959438 2.2761606369311678 2.623049694567683 0
0 0 0.7303701445832647 1.8746461710020692 2.9227613678498887 0
0 0 -2.0136641788543788 3.448847446851438 -0.03243425456189708 0
0 0 -2.1528662651641666 -0.08037100974898348 1.7236715227452084 0
0 0 1.448954016552145 4.263317229595492 2.8148396095607886 0
0 0 -0.5942856034802122 2.351374548421715 2.804674293545902 0
0 0 0.6894202293596052 1.714445357168834 2.7877332120105702 0
0 0 1.0310232333676428 1.1522217344809786 -0.31891290833511543 0
0 0 -1.0022107219056289 2.8934370333827055 2.7118115984258675 0
0 0 -0.3345026832557396 0.17111769616885286 -0.3410112824971721 0
0 0 0.724683026740125 4.150008666596967 0.07506177010139022 0
0 0 -0.4803523598098658 0.12266805246248202 2.8993944225973003 0
0 0 0.239671315697358 3.5211788428804316 -0.17051613406001206 0
0 0 2.9315363208885445 1.3769679039099736 2.773103069365918 0
0 0 2.1087039033195953 0.09284673548653316 2.8624814359995097 0
0 0 2.36626144719002 4.351665886140534 1.0824999930503283 0
0 0 0.949758391921482 0.2525117372646932 2.7591234276548176 0
0 0 -2.8794816836513877 1.9154886858869946 -0.0879501787962797 0
0 0 0.7151588610255746 1.8190145766316643 -0.2839048826237744 0
0 0 -2.0313817033928427 2.5809863314492643 -0.326125300948484 0
0 0 1.5455879487968174 1.5178944212557606 2.757629233840513 0
0 0 -0.971006833744672 2.8833232075278534 -0.3825538992214171 0
0 0 -1.5425155184272337 4.019998288821522 0.42700948363985564 0
0 0 0.4401694382697259 0.8490836004204186 2.602983314862462 0
0 0 1.8032535988342078 4.015768320456835 0.5089828578136703 0
0 0 1.3579694124865176 1.8027126973974328 -0.21577875074714978 0
0 0 -1.65028719692779 2.778978089025968 2.7451699910693113 0
0 0 1.8626005570544315 1.7951217858025168 -0.31955549880180106 0
0 0 -2.26990134805349 2.507753813480651 2.7658105498882763 0
0 0 0.04384245149340815 3.0061678481975114 -0.05917852395229556 0
0 0 2.7049874133505396 1.676789495101752 2.8232082665805143 0
0 0 2.985518663114264 4.114264389201269 0.14026048658458296 0
0 0 1.8815394285214895 4.025624429139255 1.5008542018951452 0
0 0 -0.42787755674192773 1.8430786080741859 -0.2753262224367227 0
0 0 -1.0449970222023253 4.3367650833578155 0.008409685043824156 0
0 0 -3.132006530487022 1.6897173979968128 2.706486658367586 0
0 0 3.138436636396672 1.8706347362836095 2.890548950811784 0
0 0 1.8018829377717678 0.7619442502146775 2.6030181051765116 0
0 0 -1.0596045155189904 4.019048737089051 0.9119676052652823 0
0 0 -0.9216373662119741 3.4880108281327398 2.751812644651896 0
0 0 -0.7036308415887595 1.8485458203008007 2.9187514299929966 0
0 0 -1.243624593370026 3.715912895580081 2.946511579196233 0
0 0 -3.082422072045248 -0.13629129686483216 1.3565076802248826 0
0 0 -1.7600367931554253 4.254310274745595 2.484972801969438 0
0 0 -0.6659704319912048 4.13479529178436 0.1277298730315578 0
0 0 0.01352488273994723 4.153908854593552 0.887469191457943 0
0 0 -2.0171486043716813 1.642817056832563 -0.28615612042917715 0
0 0 -0.18851119041600173 4.005519097153504 2.9443258697462107 0
0 0 1.4452672636556452 3.8588493096340852 2.8616765574046394 0
0 0 1.794920928882215 0.9318224734063153 2.9132850796226606 0
0 0 0.5381867732246959 1.6345392200910864 2.8643968896268097 0
0 0 -2.2807432127253033 4.237286309586884 1.822762427193622 0
0 0 -2.6444828205761364 -0.3144003190255935 2.4847826765832313 0
0 0 0.47945355023125424 0.5902609671162435 -0.2770769485638567 0
0 0 0.13326336054006216 2.990847656072091 -0.2742688746919591 0
0 0 -1.7130895329771167 2.5994699504759513 -0.3555805194975493 0
0 0 2.244494138714468 1.7298454051238017 -0.0899115591932248 0
0 0 0.7549952526415651 2.783531137278372 -0.21798423976983786 0
0 0 -2.3952547667665316 4.399703954463758 2.8076171469714395 0
0 0 2.0109383409644126 4.166665617604882 2.3277349389857434 0
0 0 -2.86042782911051 1.8502353067997643 2.6544208207137387 0
0 0 -0.9938810820940662 1.0033730661767484 2.8998261108989043 0
0 0 1.4315842287154892 4.052768465426765 -0.1495730622055635 0
0 0 -2.413055488911267 0.006913140778932847 -0.2795933807960025 0
0 0 1.0497648220325804 4.243007585511965 2.2986950059100772 0
0 0 -1.2537073558879928 3.4783806387694742 2.867288331735642 0
0 0 1.2639978119708424 4.059249266461383 1.0899736733877798 0
0 0 -2.19707903292676 -0.22878512348206984 2.3449747444019797 0
0 0 -2.7217260309161997 4.052014321044569 2.1257060922756126 0
0 0 0.29097168638472404 4.195286328910876 0.5869080995640499 0
0 0 0.7340254559651442 4.358876134536888 1.3049571135450366 0
0 0 2.2827568239919716 2.3115945112825838 -0.26337677148710853 0
0 0 -2.242897665603698 4.13110242446756 2.163266836339799 0
0 0 -0.23454172140028318 -0.21292113111548444 0.4719835740928219 0
0 0 -1.1937403644326297 2.240263009332541 2.9949060852143794 0
0 0 -2.984388858722356 -0.08164232519798498 2.234123113232878 0
0 0 2.5954095936450834 2.962525784725468 2.725832472351895 0
0 0 -2.5491619555492564 -0.09895430665389982 1.154879460234525 0
0 0 -2.7690449293255064 4.066858197616563 2.3770988162287554 0
0 0 2.663277796118307 4.236411694039856 0.3176529988041225 0
0 0 2.437048647052719 1.5795677131215968 2.610647322228677 0
0 0 2.743569546924448 4.303513637831288 2.596337640605087 0
0 0 -2.6788588129196396 4.191834214752481 0.533388518757902 0
0 0 0.9984472784194445 1.7621454541114323 -0.1696544525636001 0
0 0 2.6979206859201943 0.36169441980929373 -0.3489179866375749 0
0 0 2.603744222111838 1.5434906033778044 2.8993197666268524 0
0 0 2.845787833474005 4.151215655314095 1.7199931058125217 0
0 0 2.3473777856610036 2.550777814660284 -0.24977594270961045 0
0 0 3.1012287320200915 -0.3792040297883773 1.983059051389618 0
0 0 -1.4784524037367095 -0.3301202723892914 2.235003321335541 0
0 0 -0.5110113599028518 3.33832118155887 -0.07940107847988809 0
0 0 1.1137707448524994 2.098966115861874 2.8978701767616144 0
0 0 0.6175754258649611 4.392837335079336 2.4317440369220145 0
0 0 -2.882037962608434 3.66172583023924 -0.29197815279886674 0
0 0 -2.7201428723059826 1.6862771220208579 2.827650975894872 0
0 0 -1.417023718952283 4.3567365406904255 1.9063512371010833 0
0 0 1.4720399963268251 1.9234241184243994 -0.11059848369628567 0
0 0 -0.6186713268981952 -0.08124572607760311 0.3018682712873448 0
0 0 0.12331311079199292 0.8427889581652513 2.6146388528711326 0
0 0 1.3013397865247365 1.448411986883186 2.9028564004101716 0
0 0 2.561854968821689 -0.36394351661777913 2.383495416131742 0
0 0 0.3710321744323082 0.10014343886215582 2.870218793265287 0
0 0 0.44801644719607836 1.920436413074479 2.6852732113945534 0
0 0 -1.7069068849674016 3.275538492807346 -0.2121580471761457 0
0 0 1.2340277767049717 4.184956160011783 0.5976823902539915 0
0 0 3.089722292845705 0.22885570332057859 2.766968495134116 0
0 0 1.0326193148598612 4.218671777660018 2.2860536686852804 0
0 0 -1.5576700506291927 3.589902791057694 -0.3478247355033648 0
0 0 -2.0201283716888585 3.512620988223724 -0.3678389038814276 0
0 0 2.1165271153083056 -0.33058145663032545 1.782071099127178 0
0 0 -0.3700537046264376 2.0257240053535677 -0.14873883455127523 0
0 0 -2.1381044952911363 -0.049540804523172666 -0.2804378199043152 0
0 0 -0.09387368450735378 3.896236555997682 2.745479801812042 0
0 0 -2.0353687079823684 -0.17324656684762213 2.774995243171831 0
0 0 -2.698918000880811 -0.09773902856143912 1.5779767521513033 0
0 0 1.7603683115316935 4.238502494647818 1.5080483914978358 0
0 0 -3.0804209649227516 3.8435469389380397 2.9518794310934777 0
0 0 -2.6110763132679673 3.213098754435256 2.7267170687808293 0
0 0 -2.222721624685302 2.9385679812148737 -0.03022416436645592 0
0 0 -1.5647809665499544 4.1080036087331875 0.6704190140788021 0
0 0 0.21697747657975475 0.28346626958400456 2.7946829907833446 0
0 0 -1.1737892941971901 1.187237419338746 -0.07690639855799852 0
0 0 -2.7129882130390075 0.16511323285906032 -0.1611634520244544 0
0 0 2.9894432209710384 -0.034587646571510144 2.26854082407374 0
0 0 1.2793937867685168 2.0755778602600583 -0.04416150488561282 0
0 0 -0.07520611025324087 3.7895815826617176 -0.24833156220659058 0
0 0 -0.514697611868371 4.057037632738235 1.5553627664300236 0
0 0 -2.483057076705598 -0.0988411700297222 1.2408699882461272 0
0 0 -2.017530968724521 4.282258298947955 -0.354460991095741 0
0 0 1.3872971343919955 1.8882304641607766 2.906210661977984 0
0 0 -1.3238126622113258 -0.06096993214363294 1.3133540242967998 0
0 0 -0.1029981910348221 0.31125599830479067 -0.19052593302058363 0
0 0 -2.353814373853014 4.352104500338185 0.6265941440889187 0
0 0 2.8810556647341325 -0.3665434382761708 2.758475570000893 0
0 0 1.8926964841200986 -0.19419698792790624 1.3253897459925987 0
0 0 -2.7468341665768574 4.162026655918645 2.6282914530129764 0
0 0 -0.323306400761767 0.5661874985720389 -0.32824190854033425 0
0 0 -1.9127926026498627 0.812420704099066 2.6410394817805045 0
0 0 0.7775036804197333 -0.08820256104220436 2.7279853092273596 0
0 0 -1.8053957639159175 1.9665850024066542 -0.04478208384710153 0
0 0 0.1805812944132983 -0.058440133877983635 0.5082291423991491 0
0 0 1.392208104043906 -0.38741586829959124 0.06185516971836136 0
0 0 -0.9045211851327615 0.8530935191140233 2.870688728317479 0
0 0 1.5297239139323837 3.4511460916820162 2.6042848168637263 0
0 0 1.6396049743396928 -0.0820243386775164 0.630571733720752 0
0 0 -0.6821486424766414 1.7655690249931677 -0.31884441366727523 0
0 0 -2.786754322494984 1.4097507550039623 2.899839175559637 0
0 0 0.7833340889829938 4.207812988951565 1.3469582688120398 0
0 0 -3.0502596637124357 4.004144231620981 1.9537640999228914 0
0 0 2.794080521313182 1.7869132027554442 2.7564391190584403 0
0 0 0.7576192796327348 1.7615419850740488 2.6398233259533743 0
0 0 -0.08738354981862573 0.911924464143374 -0.012351359669104056 0
0 0 1.4418739311271755 4.050486908962592 2.524521807069282 0
0 0 -0.1111705512246286 1.909331819850678 -0.13991933042282056 0
0 0 2.052563620170818 -0.06961637513557828 2.994022217507759 0
0 0 -0.8527074855950287 4.087908653665514 0.0017545617057551867 0
0 0 -2.0242208734704716 0.38612442159073634 -0.028288961186178185 0
0 0 -0.9110801726269004 1.8145483691475945 -0.022541702756594062 0
0 0 -0.04863490672228732 4.070186622734569 1.1613070751255556 0
0 0 -1.0737104552887335 4.004245637661181 0.7490740681391509 0
0 0 2.457741042567285 3.142927758353056 -0.39401360654053685 0
0 0 0.3440158699542737 3.3859931769733014 -0.31590164900186746 0
0 0 -2.275589330620967 3.9037520591652632 2.7904318036905553 0
0 0 2.700413027383979 -0.007697408014664453 -0.08639169447906653 0
0 0 2.5863123794646743 2.0649535683520837 -0.3946889064212751 0
0 0 0.3370698066237541 -0.06571485048205777 2.108882314269508 0
0 0 2.0157091562072473 2.235880423817709 -0.3741258339115887 0
0 0 -1.3500579178539058 -0.27038203819267254 0.08549085252088398 0
0 0 2.9385912666787135 -0.03673633058275877 0.19617206210310364 0
0 0 -2.8475787319959207 4.36325159734988 2.611536535710299 0
0 0 0.5915643177688095 2.1007975349248693 2.9521831847299773 0
0 0 -1.3775452476086583 1.7418326388240915 2.6760803507191535 0
0 0 -1.4169020370455463 -0.19582403410614085 0.06263731710065645 0
0 0 0.14892382130369164 1.2758591663643601 2.7104033939531713 0
0 0 -0.5956549830558733 3.5718909347595305 2.6382514491762854 0
0 0 1.4122879790415235 -0.338010599838707 1.5453220672379726 0
0 0 -2.0396673594102177 3.1610085219280735 -0.026828249918242508 0
0 0 -0.9168600255637029 4.18894314156244 0.3878578863837185 0
0 0 -1.3371087061401252 4.190159349087038 0.5356979976521963 0
0 0 0.37748797023756486 3.1295757618859095 -0.08009641227917419 0
0 0 -1.4425760566457897 4.307874512058401 2.4455208229587506 0
0 0 -2.044691454578161 0.24801779540273128 2.703594971688501 0
0 0 -0.9274444360838037 0.8560078709534914 2.8769051809223094 0
0 0 -2.0796063053913727 -0.29417270602901213 2.2833396818884335 0
0 0 -2.1485828093520527 -0.37218079370963253 2.1075167606108898 0
0 0 -2.3106051989010146 4.119129791241148 0.5717717044799201 0
0 0 1.5286556837695064 -0.12722175624254373 -0.18855691308651448 0
0 0 -1.4747702117144716 1.2744498926765426 2.729979485028644 0
0 0 -1.1602523075523623 4.169172214413391 -0.3499155832580012 0
0 0 -2.7465894480155164 4.100003935392616 0.06396939572814853 0
0 0 -1.5860850578069958 4.180221044271084 0.1108195968728785 0
0 0 2.3997124817760804 -0.3392040491483708 0.7773811482387326 0
0 0 2.68235575222225 0.3739265723981565 -0.1771499626336834 0
0 0 -0.7669747598380754 0.5254330699916611 2.896429729689284 0
0 0 -0.833449753983623 2.1377379604193005 2.8398752435848014 0
0 0 -0.41390244285975264 3.599893527641648 2.9539713964717964 0
0 0 1.2553018840321304 1.0713077113272327 -0.027065640506786726 0
0 0 -2.1112544794223664 0.8030443633474608 -0.21994475259926533 0
0 0 0.02391733786483874 1.0310257459995178 2.7986778528406213 0
0 0 2.9882622025326757 -0.23434242510288278 2.2111741580484856 0
0 0 -1.0535034967313632 4.240864918333083 2.3870663808198347 0
0 0 -2.693854860300675 1.1451343719597915 -0.31197834462600155 0
0 0 -0.7926320729199734 1.9762447762875577 -0.18727949894757276 0
0 0 2.221245997183863 2.4357471631576146 2.926906425664089 0
0 0 -1.6877688982039323 1.0557951129592311 -0.19100730349501682 0
0 0 -3.010923409400597 1.4755181125979857 2.8106853357781274 0
0 0 0.3151486245713042 1.6751713403615334 2.90387249315607 0
0 0 -1.889881515689156 2.000143111470567 2.694800836436412 0
0 0 0.688179304372659 3.1223403227181334 -0.007114049848303439 0
0 0 1.99489021123604 2.0850309878792843 2.9863101689251 0
0 0 -1.7327284229577204 1.4699384163144291 2.6742312579455234 0
0 0 2.309213600098297 4.066415386231567 2.67980445290151 0
0 0 -1.7297045850049138 3.9780449831362987 2.657383981438883 0
0 0 0.6879615641158443 4.168518624395096 -0.3174533932954222 0
0 0 1.3518279936497057 1.9447458316715114 -0.23261752693037563 0
0 0 -1.8808118507570606 4.305502810675575 1.163890403301048 0
0 0 1.9246026539476508 1.9464848853999048 -0.0637281356174032 0
0 0 -1.5933864083360443 0.5263587826760694 2.806193060468205 0
0 0 0.9900750574731072 4.3604700830967795 2.155754045988698 0
0 0 -0.05237681414536022 2.401420986986939 -0.008346695743537302 0
0 0 0.17553588055013103 4.2953737724153935 0.7604787637635071 0
0 0 -1.7574401849323946 4.296759663615545 0.79615494089671 0
0 0 -1.5486131255897326 4.277099945133893 2.974008836003211 0
0 0 -0.7297827801581946 4.150184786745476 2.6169559794119532 0
0 0 -1.2412920284237061 3.241921829855804 2.856781899058628 0
0 0 -1.5088235881653649 3.1532804051374317 2.950287903514206 0
0 0 2.1405655375034183 4.267536223599561 0.14111196354706915 0
0 0 2.1027563090509753 4.042969510056676 0.026951852406133025 0
0 0 1.093671942867184 4.290783787714422 1.4542624958058188 0
0 0 -1.7979539137617524 -0.20054187397867104 1.1305864035944646 0
0 0 1.8939637454243359 -0.32155604732231635 1.8020076770799012 0
0 0 -3.0285795424566224 1.5171739760117031 -0.26281898889186606 0
0 0 -1.6811496719338095 1.0949002853971157 2.8897032194920476 0
0 0 1.6773980487836324 3.8071802319163246 -0.2577145596467426 0
0 0 1.9041503719843451 1.2248655685456562 2.6320036513763365 0
0 0 2.110678459207886 1.0617427738283847 -0.15028334596280046 0
0 0 -1.7218293146530146 -0.1993880903665322 0.9629462916763385 0
0 0 -3.088988141012011 4.111562202696644 0.8076118741075938 0
0 0 -2.8215435115441645 0.7777242681755429 2.801487963684709 0
0 0 -0.9503776959945891 -0.023621834583524015 0.5606126683500565 0
0 0 -0.2612053783867445 3.733209783281502 2.870993772286835 0
0 0 -1.4139761307087777 0.7171534518204995 -0.35599924627638996 0
0 0 -2.7556825378285983 4.343802057564251 1.359489913259458 0
0 0 0.5610084408820195 2.3382092574036735 2.7774645396834408 0
0 0 2.0267965049601324 3.301103911514451 2.9834054845307008 0
0 0 0.10941831282833592 0.007080795221812375 -0.08432526003337992 0
0 0 -2.711879666351246 -0.36924090670420223 0.5942074278183144 0
0 0 -2.881085123747346 -0.022253547238282656 1.3321612843288775 0
0 0 -1.8625487136036125 3.812862514748389 -0.30774397247658436 0
0 0 -1.9777229041598063 4.302142425461928 0.04710996946263479 0
0 0 1.2422463878566843 0.07757810259749881 -0.22794776950035014 0
0 0 2.003523622874366 0.1787391628405024 -0.27021444009696927 0
0 0 -0.5916807846466106 -0.3832859509850693 1.502487043297126 0
0 0 0.2598484664296259 4.397752130450847 1.187530242292693 0
0 0 0.6830355297787434 -0.11556554024808319 0.620765782539229 0
0 0 -2.3557758645984443 -0.3344409489511204 1.406817543838998 0
0 0 2.6105722759817223 0.11379659102052231 2.648999321687274 0
0 0 0.6824120337863291 3.6793926338636944 -0.08558322260749673 0
0 0 1.3352957508052068 -0.27718290917688504 2.616233609939379 0
0 0 -1.5231521841206208 3.696042207193456 -0.11510657419293951 0
0 0 -0.2880768623348473 -0.22581241534871183 1.9693440205531736 0
0 0 0.5423275101806095 4.335490519181243 1.2285012351686986 0
0 0 2.925889346617125 -0.3865097348286504 0.7059539555440859 0
0 0 2.7292755462994602 3.66341193505569 2.9272899020105725 0
0 0 -0.00014709656801281668 2.6771377123458984 2.835350575687397 0
0 0 1.1757943320062187 0.22968403935259907 2.6485796230577523 0
0 0 1.9164414401004048 4.218194630519107 0.9063284424606267 0
0 0 1.6496494798461834 -0.313506723734744 0.9647519495444141 0
0 0 -2.2748250661447424 -0.08559396007415132 2.3199319344754925 0
0 0 1.3778465599592868 4.2521489142936835 1.0481618173473701 0
0 0 1.6609420865153126 2.9566582878446708 2.926296542612066 0
0 0 -0.42694167610579914 1.044140738231759 2.9087569621188765 0
0 0 -0.5605087594589828 1.0621418619019152 2.669702556484275 0
0 0 -1.1349755042976986 2.262004244819019 -0.3994331027270053 0
0 0 1.5513044214007028 -0.39163045384390893 -0.04182445148639036 0
0 0 -1.2084936240193982 2.9936445234204894 -0.1210740532133599 0
0 0 -2.426968817123064 4.288689843359376 1.2827667957387456 0
0 0 -0.3941487793694818 1.680997532969775 2.861166715868458 0
0 0 1.842052250186712 1.9491372385450538 2.9757417713803314 0
0 0 0.47345939887447885 0.6743800953465015 -0.1757963212369924 0
0 0 -0.41762023777011015 -0.0355899950917255 0.7637485544585425 0
0 0 -0.0015748268198327864 2.5922668837440495 -0.10504671867720355 0
0 0 -2.1981232639046437 -0.32738002631027374 2.569983486342742 0
0 0 -0.11038098200830726 4.23046502570355 2.115902059169705 0
0 0 2.815160890884627 3.0278524368067123 2.8354454247513523 0
0 0 -1.5229061261744705 1.5409978231028312 2.734005772300907 0
0 0 2.7678848514882413 0.673966591430104 -0.292370467055696 0
0 0 1.2181839108999544 3.5564511709480096 -0.15330291399371446 0
0 0 2.049848167651983 1.5617007996828032 -0.14274492668903915 0
0 0 0.35694160182619994 -0.050491850961375984 1.3046883526288107 0
0 0 0.31881247748138364 -0.08430985302025112 1.1343485983615051 0
0 0 -3.086800619307957 -0.06055785550118503 0.873446781460878 0
0 0 0.49269004448977594 2.7891757275976015 2.8102752233582544 0
0 0 -2.643538690068112 1.980929880824906 2.9988540691675905 0
0 0 -1.712861032773896 -0.17918725256570178 2.9142069709278218 0
0 0 -1.5116082626479066 0.6985151252326928 -0.018530974412582668 0
0 0 -2.408361558551645 4.393924214473038 0.9052245110243621 0
0 0 -1.4852543859209562 0.07651976652764286 -0.10197645572721126 0
0 0 1.1060336565755593 4.21992352103239 2.038231094049307 0
0 0 -2.790244303813298 1.3697434124992296 -0.39498052847335163 0
0 0 -2.0300010717709966 4.278681118024815 1.915974234610422 0
0 0 3.079541113083012 4.088654479833551 0.3295802168762613 0
0 0 1.5027683366676357 4.247890655911042 -0.10526579466560498 0
0 0 1.8000610444586274 2.2206653810896135 2.7101923440762965 0
0 0 0.7836302627164735 4.092433980335701 -0.015534938499183137 0
0 0 -0.3909426415315793 4.149449416754852 2.5513208354763037 0
0 0 0.17667804306066692 2.8359802553841185 -0.3162456734100391 0
0 0 0.12775379201580872 -0.102594223386069 1.9750331927177063 0
0 0 2.293731769213978 4.382836654654536 2.3866206902548948 0
0 0 0.39108826377198547 3.8022261661590577 2.7070245599456655 0
0 0 2.696656941583516 4.309807156690632 0.6720766832362977 0
0 0 0.35783208632199903 2.292405057616585 2.8375276128051348 0
0 0 0.016860059508244873 4.050616073354926 0.920779668916676 0
0 0 1.3706110747025786 4.094622964315857 2.993712209409633 0
0 0 1.875206766640149 3.690309212788367 2.8478229141514073 0
0 0 -1.3750525769296515 4.233776399738759 -0.20870583865262265 0
0 0 0.2519373736612085 -0.05000500419461751 0.8615920055477948 0
0 0 0.6897032743114377 2.745407970250152 -0.14221950877158052 0
0 0 0.9699414538230622 -0.09456035868774448 1.3657394995945062 0
0 0 1.8608705453258123 3.225356234820249 2.7273171887045637 0
0 0 0.08270878183193231 2.8015892330056307 2.659343039827306 0
0 0 2.6230468330799948 2.6367243351402143 -0.3468611125289326 0
0 0 2.4896544288076434 3.5585677671029075 -0.02104957675364405 0
0 0 2.520550911270857 -0.39954815960235984 1.922327480559967 0
0 0 0.9280313447721023 4.21168734234712 -0.057809735826293174 0
0 0 -1.0683850164098114 2.678595797186161 -0.2291785471207641 0
0 0 0.16198175250887337 1.6482392447586993 2.7734760641191416 0
0 0 -2.8263366300912938 0.023125561666081595 2.9295124619206003 0
0 0 -1.0184379001018877 -0.2084714124770618 2.428803221788517 0
0 0 2.4516266562298163 4.08265258400566 1.5643641765504335 0
0 0 -0.2651117638693967 -0.3126926300417727 -0.2356177652781061 0
0 0 -2.1432722762395873 -0.02658848762606031 -0.29981981107964933 0
0 0 -1.843382974203604 2.421732885409413 -0.26108668899433396 0
0 0 -0.8053365938637436 1.0519363610088086 -0.36574508961415503 0
0 0 -3.012911945232128 4.0975679478036975 1.3948601342700788 0
0 0 -2.6103254873126605 1.6106423081268102 -0.31934582210572393 0
0 0 2.1074417366386964 -0.1621941032561257 2.495031911796487 0
0 0 -1.5419689947738546 4.0374867236153955 2.7329044778711067 0
0 0 -2.8525451247581515 4.3200304258690085 1.9296187770686497 0
0 0 0.8025720325469088 4.067662018547135 2.2760167861926 0
0 0 -2.8804525685910254 0.6090581607790991 2.695902145013868 0
0 0 0.6798222141858701 2.0744862699421094 -0.36571496619734967 0
0 0 -1.198216626534346 4.35387428761789 1.3657006795224957 0
0 0 -0.8142661660010466 -0.03936865230829251 -0.03467657621043274 0
0 0 2.8259615625428376 4.321883011996023 2.4998330726254294 0
0 0 1.0726392860285845 2.6463540788207287 -0.27511986397561133 0
0 0 0.27042020465258565 1.7566100852621576 -0.34046442327207366 0
0 0 1.06480286600741 4.2177601964742895 0.13797715428314936 0
0 0 -1.963794605388917 1.8603349929870672 -0.08418541234304078 0
0 0 -0.23096020244892346 -0.00968506673635805 1.733194855946856 0
0 0 0.039230102107894016 3.0122743102943743 2.942368289912505 0

