0 0 0.3403179966467693 1.1438210610699464 2.84512877069974 0
0 0 -1.381228198119105 -0.04133314055818993 2.4127385891882662 0
0 0 -1.6205635863082373 -0.24619971557900566 1.7068970154552343 0
0 0 0.24661725653186561 3.802308798620382 -0.38326451988115445 0
0 0 -1.3373978452359485 0.29523829740848107 2.8958222039574926 0
0 0 2.223444864490202 1.5762745091406636 -0.03007626216186321 0
0 0 0.9429093165256317 4.378390663802231 2.9993831108060447 0
0 0 -0.05877267354571103 3.0382041624407 2.8194730511462915 0
0 0 -0.3959989549685097 4.061916788975602 2.997198729232361 0
0 0 2.845295934993648 4.288842664236856 2.763730085464908 0
0 0 -0.055263061450975925 0.02680241481772866 -0.07157657832966674 0
0 0 2.4900123056041794 1.7119987317769376 2.869751248434851 0
0 0 2.135475012057089 3.129417425811503 -0.33524918204952214 0
0 0 2.4075378643735874 4.096452990895042 -0.21414167297459918 0
0 0 2.454820569853971 3.862158612263515 -0.031558291968840746 0
0 0 -2.1396189817995124 -0.2802140855986046 2.2918904311108093 0
0 0 0.950641500199545 -0.07395741751664525 0.3359211793107428 0
0 0 -0.6564675710168291 4.020641736226592 1.7501167318216468 0
0 0 -0.6694468591019826 4.039345176884206 2.6815628764455512 0
0 0 2.246678928940911 4.102579950219258 1.4479747880682423 0
0 0 2.002916369237722 1.8570019057859866 -0.2932067413181414 0
0 0 -1.4552579245936796 1.224905137853849 -0.11761772057840286 0
0 0 -2.8365271918106787 1.706560817875415 2.974826929782723 0
0 0 -1.5272407357344344 4.162404077587269 1.1987250767708506 0
0 0 -0.9564325434466996 1.3467671284107237 2.8140471165668117 0
0 0 -2.3726597974719175 4.399452558599231 2.51677381479425 0
0 0 1.0617410900808597 1.1440163783651638 2.759204675728135 0
0 0 -2.079850807006107 -0.3836087952079841 1.0693262381539403 0
0 0 0.847377793629656 2.07951595999842 2.7619435841778044 0
0 0 -1.8518518173128105 1.4108193125375768 -0.11077031615008981 0
0 0 1.6973196342294825 3.456334702800511 -0.16376914976989065 0
0 0 -2.5931563854837303 1.1928597600892274 2.7418112548512807 0
0 0 -1.6613927306368508 2.44462125885096 2.837804111009578 0
0 0 3.007508388644111 3.85465626763709 2.601393463883147 0
0 0 -2.5374260630318544 2.914692134517492 -0.36678128958363243 0
0 0 1.4829583059442175 -0.3462322970923353 2.8354679252609465 0
0 0 -2.6057515515387886 4.36412000117297 0.9890021781599088 0
0 0 0.629514966368526 2.1827752588089253 -0.14273683092262335 0
0 0 -3.057586921595238 -0.3774335004624709 -0.36679394929148984 0
0 0 -1.3902878088495239 4.299256640248493 0.4777694396871919 0
0 0 0.7263510273770781 -0.0465970890363524 1.524420485511499 0
0 0 -2.85487557385344 3.6191499217381593 -0.07049717787236542 0
0 0 -0.2763473707746922 4.351028290469597 2.718376596783543 0
0 0 0.9272839436149152 4.132765813368555 -0.04556661910475779 0
0 0 -1.2928497805434713 4.312473377151683 2.422019796453107 0
0 0 2.533631217518894 -0.05836341658440436 0.6369951041769699 0
0 0 -2.6599019612064785 0.9302995150038863 2.8414022017986245 0
0 0 0.6548193200334755 2.7280483323807694 2.612873772415579 0
0 0 0.22757908614034772 -0.08167192609508545 1.8096398214154292 0
0 0 -1.3688732760058335 4.073722685188519 0.7378457951331884 0
0 0 -1.545959335970821 4.23403306738573 2.514796899368577 0
0 0 -1.1513894652605983 1.8974454313418057 2.9976052747905237 0
0 0 2.9334730663686477 1.8837680372551615 -0.1471747884988655 0
0 0 -2.491816156745174 -0.009289308109937278 1.2070000008182147 0
0 0 -2.7140802170008005 4.226288869215198 0.15910258673795866 0
0 0 -0.6761993718111872 -0.3867073175646558 1.9766860129899708 0
0 0 2.0584995741156904 2.640418975266216 2.970311940841475 0
0 0 0.47048906791177325 4.221549424364757 2.5489928021619557 0
0 0 1.1460978135509023 3.2000237424035403 2.7607005948298906 0
0 0 -1.2533781344836017 0.49346263283709435 2.890531242771275 0
0 0 1.4931180252241605 0.8658205277059848 -0.3225923378335635 0
0 0 -2.645109054524426 2.7855294807498403 -0.25766035885718575 0
0 0 3.0464828385174014 4.10625247788159 0.22595864487410502 0
0 0 -0.42567979858380367 2.569630410500958 2.8013591156383226 0
0 0 -2.067994626460469 -0.38291986599237227 1.622797201174888 0
0 0 -1.937092588648242 2.2601246986210546 -0.06672600101274645 0
0 0 -1.6247244215361756 -0.09076083520181533 1.2138176131880056 0
0 0 1.2857706245665659 -0.239543343173224 0.6499603623876997 0
0 0 -1.2420778479070915 -0.35716744155135527 1.833902898267152 0
0 0 -0.6080560543256 0.2195108312230959 -0.17480548148215727 0
0 0 -0.012758198322470715 -0.056254360748590304 -0.27383487341314827 0
0 0 -1.6110375781061628 4.2627922940364185 1.7353950151531463 0
0 0 2.830474722301944 -0.342537824062965 1.5138466407919366 0
0 0 -1.8371457158312732 4.022794230035544 0.1411102755925919 0
0 0 -0.8896602048729152 4.349256051374595 0.418808771575128 0
0 0 2.8446151130564328 0.29409394865058214 -0.3316401603116757 0
0 0 -0.4748396506264245 1.4928456940857342 2.7245483255936755 0
0 0 -0.9646417108740315 -0.23100383562466195 0.5051407027687901 0
0 0 0.4468287772945798 4.270591790826291 1.9262293262713386 0
0 0 -2.953253530319225 3.765792539476443 -0.041613655650707404 0
0 0 -0.04701744853607748 4.394497236250208 2.0506347862466208 0
0 0 -1.0109377150832106 -0.20946600671938248 2.9845268855744846 0
0 0 0.34497717088709123 2.1428388945717822 -0.2427740248287279 0
0 0 0.4760458592728183 0.3197657394675436 2.9909615100467555 0
0 0 1.8587951966684564 4.347091751406124 2.0929137135820084 0
0 0 -1.2777886658238526 3.948830712431794 2.767087680558098 0
0 0 -2.2370980942121395 4.2629829642775725 2.72724195098195 0
0 0 -0.7656674925167675 0.3068459438792792 2.686884704703474 0
0 0 0.27604793863610055 3.1001818618460293 -0.047725037568365825 0
0 0 -3.099880835724501 2.3232785080096594 -0.2227846047997737 0
0 0 0.002708066976299328 4.226900240140977 2.286256068887519 0
0 0 1.954646237504309 3.2389605744414953 -0.22973240965575595 0
0 0 -1.4480309063375896 3.8989999977842253 2.6644876124672807 0
0 0 1.5973140246540387 2.5143299426711936 -0.04110669474459405 0
0 0 1.047666769843084 -0.035577687844965955 0.06222352266085618 0
0 0 -0.16499722521733995 1.1364503245723476 2.963049048144223 0
0 0 -0.47143636128234157 1.0490523444833588 2.813001168164404 0
0 0 -1.8500386261925426 1.9568442790737373 -0.2676601067012255 0
0 0 -0.05833253900559843 4.022615036840135 -0.008746186345824858 0
0 0 0.6424349732356958 3.4567449050451198 -0.007018162489005608 0
0 0 -1.2587081582221469 3.011262968138136 2.661457743002841 0
0 0 1.233825090382088 0.159574073182713 -0.09509228441817469 0
0 0 -2.200563876433563 -0.2630813985162327 0.07784448502079866 0
0 0 -2.3984706201240535 4.018254079135463 2.7618878046464417 0
0 0 1.167982029124067 0.8171808417972152 2.7189588083146785 0
0 0 -3.1390197551103065 -0.19050213892338444 0.5869476950406064 0
0 0 2.0508257749876586 3.033177486861003 2.6692889585089277 0
0 0 -1.868577024610125 4.0080054000422045 1.683014980102205 0
0 0 0.1743397685849306 3.615879851944644 -0.11229394351444749 0
0 0 -1.2720326847734424 3.065693870384081 2.906385498911506 0
0 0 -1.9509378970576547 2.825325731834338 2.8872545427268452 0
0 0 -1.9973176916813162 4.248007683628595 0.922915654533831 0
0 0 1.1849693685985834 2.2239323536219797 -0.31998789810349 0
0 0 1.4659662206208823 -0.38434530692363544 1.953442167412377 0
0 0 -1.0280567937623362 4.242668619039183 2.3857478214131334 0
0 0 1.7587754232557122 2.283427569840874 -0.181657172223607 0
0 0 1.7947588266331431 -0.21587338359821093 2.3735794338657454 0
0 0 -1.586245150643227 0.29980460143548815 2.988231732909085 0
0 0 2.6148494265897373 3.2110143890072806 2.6984052819484683 0
0 0 -1.3790804817100057 1.4225542996064346 2.6053349333892393 0
0 0 -1.8931972299624047 -0.28903999616110415 1.8256625203146717 0
0 0 -0.16012353488330522 4.067547981881252 1.9205721804879727 0
0 0 1.6093586225602392 2.286329919042599 -0.20981133485076078 0
0 0 0.07058209854809672 3.2604169908781095 -0.19703934262813633 0
0 0 -1.4772699140831538 -0.07495627362796486 1.862696977100601 0
0 0 1.162046053326999 -0.11569036535430016 0.6853348252524277 0
0 0 -3.0602408978706857 -0.19170631601453791 1.2098479053750841 0
0 0 -2.873060106399936 4.253297767499706 0.307970556645443 0
0 0 -1.7453346749888792 1.834921536305599 2.9025529451879777 0
0 0 -0.30329319532992516 4.3458747734067815 0.4457974031575698 0
0 0 0.7258304519637693 -0.14825914582429128 -0.1811069260117582 0
0 0 0.44163792686966596 1.5776720958180137 -0.17062593379971933 0
0 0 -0.4093046964648219 1.293934023871353 -0.3876150968098016 0
0 0 1.361722470783782 2.4025449078397743 2.8242755601769316 0
0 0 -0.14625948820203094 3.3452011308146674 -0.34972472041824165 0
0 0 0.7571226663338413 1.4561398989017973 -0.07619460205393885 0
0 0 -2.6947422256180316 4.048013412327428 1.5220940570934958 0
0 0 -1.0026019126912682 -0.15480216136307764 -0.12060896818428385 0
0 0 -0.06418580613048785 2.6740780240478985 2.7641068053194964 0
0 0 1.416286530930491 -0.29782464308870926 0.6548306207515266 0
0 0 -0.24760896649811848 -0.12776593805151887 -0.0036221068109874577 0
0 0 1.725477665336224 1.3376730207901626 -0.014724439804430445 0
0 0 1.386711173905943 3.4476378330679287 -0.19287493071437323 0
0 0 2.88705882673451 0.10529245788445296 2.665910372561367 0
0 0 -2.4495307704726823 1.7725355137101086 2.962840595418773 0
0 0 3.0396907001886326 1.7200300425813855 -0.35787394599427375 0
0 0 0.08591692138539342 0.894318243599384 2.926697636137348 0
0 0 1.7737753737257007 0.9936079753665833 -0.3757934678533969 0
0 0 -0.05212445394103149 -0.0916170828108781 0.31824653713654383 0
0 0 -2.854736924159867 4.360122907112105 0.4144701287928049 0
0 0 2.9670393364904717 4.234984550330122 2.6348020375222685 0
0 0 -1.2963444599560119 4.312846470761868 1.353803390920975 0
0 0 1.8856020295931168 4.077122529287409 0.1314745063607007 0
0 0 0.5458737414324024 2.349893694387892 2.9205351261798214 0
0 0 -2.99488172412775 2.703496997409472 2.756824790590113 0
0 0 -2.5659078151962618 1.8936024808734384 2.651953779099977 0
0 0 2.926359852432861 2.4641965280177955 -0.17134141189122665 0
0 0 -1.6517126484444287 3.0720805247498313 -0.3907158994166573 0
0 0 -1.3662386402734084 -0.27894264887619075 2.5715114580128207 0
0 0 0.38047743853575433 2.6563765946081213 2.668396019838545 0
0 0 -2.1796358080177938 1.6940746474886788 2.721372005504079 0
0 0 1.1681520439983712 4.166223984899552 1.9900803150055177 0
0 0 -2.0566346599177585 0.31559507421598054 2.741276221792868 0
0 0 -1.4712472704038388 0.2668660508281341 -0.36668192004683653 0
0 0 2.5584322209072194 -0.1545174578915338 1.0193523823349953 0
0 0 2.9975223088068663 4.37578620222238 -0.20418299771530438 0
0 0 -1.3812912312538776 -0.19227912406801834 -0.379191106300648 0
0 0 2.648829796342845 3.280024460981517 2.892555969408636 0
0 0 -0.17717974529109615 0.08609329803811261 2.944119146814995 0
0 0 -0.750095018610736 -0.1214446398825299 0.9539765447277536 0
0 0 1.5181889509571782 4.054573317297367 1.1906445742734915 0
0 0 -0.9313622657771012 -0.1474261252483618 2.8063857010678945 0
0 0 2.997129627473761 -0.015280754538476549 2.2443578171427294 0
0 0 0.06333574029518374 1.4207593308873072 -0.32141381792338375 0
0 0 -0.12443396735550127 1.9149908373612292 2.8087281184112856 0
0 0 -2.9785949926208186 -0.06126135804958488 0.360520833410132 0
0 0 -1.4472572385782652 2.593153615835489 -0.3982882719089811 0
0 0 0.32911420409428915 2.3938688413242826 2.7187658291505845 0
0 0 -0.12641576913889851 2.054794256363387 2.912287706263113 0
0 0 -0.912711076830381 4.249726067518279 2.037456838088176 0
0 0 -1.5723618983422558 4.077982455252316 2.241972248310692 0
0 0 0.040760461189659036 2.952245499414817 2.793074090763956 0
0 0 2.5361055284624667 -0.155655187877833 0.049213520451798366 0
0 0 1.4949100883872193 2.228655644875792 -0.0024595196384385454 0
0 0 -2.8862804814019327 4.291129357010913 1.0100493996260316 0
0 0 -1.6624231856760645 2.101214837417873 -0.3933637855692905 0
0 0 -0.8868654519423291 -0.2575664674330536 -0.06577223588885739 0
0 0 -2.8474048490298696 -0.27706802156001337 -0.10401961526711762 0
0 0 2.2429631982362572 3.647750239994877 2.8286181046073553 0
0 0 -2.037347725574124 -0.18296114547372222 0.18658164585470285 0
0 0 -1.867558559867899 3.0142713850918996 -0.058310966848363566 0
0 0 -1.370091207355831 0.19724487948223757 -0.020414630153804847 0
0 0 -0.2974336424951929 2.528259878096086 2.6481128572673773 0
0 0 0.49982892898510567 3.9848179802465604 2.7671127561706035 0
0 0 -0.5900734394893465 3.970695146469725 -0.3579507138381281 0
0 0 1.1208073515492751 2.4813257602113827 2.976055788551671 0
0 0 -2.3973046415016204 2.6425124666680415 -0.2737477722645929 0
0 0 -0.31942657765165494 3.7376281723639972 2.612183581941922 0
0 0 2.0992011887259396 2.83722466292459 2.750311534035262 0
0 0 0.005994618331921497 -0.3064809417471477 0.739053799909785 0
0 0 -0.8573754077257525 0.5965738508767486 2.731609549002316 0
0 0 -2.9486145158926007 1.505487910512743 -0.08722836297435943 0
0 0 2.857071996084077 2.9514623691578294 -0.13531993601909376 0
0 0 0.21767739310384115 4.373544029603023 2.080563665529324 0
0 0 -0.9707634163849792 -0.2701528827879073 1.0168765898030434 0
0 0 -0.5514126215070445 2.0356452287809654 2.804243060237891 0
0 0 -0.7965361867041896 4.107991103975934 2.6740065222875815 0
0 0 -2.5692387480142935 -0.2170588703321702 1.5103312214459066 0
0 0 2.1086998640686847 4.181188530104514 0.40278597024825646 0
0 0 0.7071202186949574 4.21169429309691 -0.2630083231327996 0
0 0 -1.251464273978075 1.8840086502116047 -0.06829685820821385 0
0 0 -1.3687592134342734 -0.09210666312273647 1.1538747123424193 0
0 0 1.0654127947162753 1.5440179531605862 -0.3454655546361043 0
0 0 -2.2808099180653056 2.788063641048905 -0.12255549805488108 0
0 0 -1.9795759733092881 2.0180617484471113 2.6502622723380935 0
0 0 1.7710726760753674 0.8830730356381825 -0.3210795361211254 0
0 0 1.932921354515524 0.5392081410952417 -0.2933265755100528 0
0 0 -0.16314753256103964 1.9505415421685588 -0.3792032308344835 0
0 0 0.43040897575210346 2.5361428018076086 2.777719178559235 0
0 0 2.9159360323520076 0.531030479868966 2.776149728974886 0
0 0 1.6166095080787972 2.2107567133286703 -0.2900050366137463 0
0 0 -0.7780319685529618 1.7233122231667521 -0.29941389723086437 0
0 0 -1.2175899341079646 4.113844916089232 1.6201558479511151 0
0 0 -2.7486051636559603 0.12631159509326528 2.7155499782146797 0
0 0 0.1406415113002275 0.6933005105507023 2.6943508634700444 0
0 0 2.4410074642094317 2.090958769882324 -0.12127803220969297 0
0 0 -0.5187648943386125 3.1231945256267495 -0.05463703179823237 0
0 0 -0.19477642084030355 0.6050874566331242 -0.060225696254578964 0
0 0 -2.5285459423976318 -0.253228393311087 -0.2674535055408257 0
0 0 -1.5665130466865302 2.8615675287679267 2.6897668613355292 0
0 0 -1.094285321706796 1.5062130358177628 2.6510951382660335 0
0 0 1.7074052697412938 -0.32168368478410614 0.058510526312404325 0
0 0 1.5461097624578892 3.2037336987520835 -0.2689412199500179 0
0 0 -2.16886275057018 1.4563042956075445 -0.023165943494759034 0
0 0 -2.8139185732880048 1.28155216196518 2.9017055919712234 0
0 0 0.8800828900692057 3.028054202527939 -0.14390991683155496 0
0 0 -2.5788774122322367 0.9128130880153636 -0.047927840758076545 0
0 0 -1.3584211543685318 3.2397506894644557 -0.13789366960214938 0
0 0 0.9281617138217877 4.328149176554231 1.5823630151480286 0
0 0 -2.643485556635293 2.952727885404363 2.7141764410277043 0
0 0 2.07695422104901 3.549893658699098 2.7971271329935443 0
0 0 1.2104897657589389 2.5207793752298957 2.9011443207673726 0
0 0 -2.5407437455588933 2.0721979040250313 -0.09867654638398105 0
0 0 1.8645026676871206 4.038190797739235 2.002011036835304 0
0 0 1.227954901161807 3.4345290097587418 2.6438595358859516 0
0 0 -0.31422348984812976 0.9068794055536845 -0.20257769621083802 0
0 0 -2.9597391083405693 4.323504257363796 0.11766476421413828 0
0 0 -1.5061851211054895 4.374446415806771 1.7292791313372629 0
0 0 -2.0427372095312837 4.37750131205557 -0.22057615370008762 0
0 0 -1.986976101710014 1.7751442267124768 -0.10918416042776136 0
0 0 1.6964564428269187 4.089927991912885 2.554968183582694 0
0 0 -0.6537989513572904 1.6762351659312134 -0.03336297865004545 0
0 0 2.797071766182289 4.144164410323434 1.180007845741994 0
0 0 -1.8136102418989255 4.02163429061365 -0.3490460603486391 0
0 0 -1.7253599650153078 3.369250768747918 2.8115108942472355 0
0 0 1.0586221036224552 3.4072736165952695 2.6660504136784926 0
0 0 -0.010072977888161194 -0.22849777617495026 0.4318712948574426 0
0 0 1.505496257011754 4.287242721621315 0.7735724947597277 0
0 0 2.49938618992005 -0.22278717770955625 0.40560920832896386 0
0 0 -2.952706936577933 4.0650626608720755 2.0663509794958 0
0 0 -0.056336702996366395 -0.24624926289228322 0.2786577445083452 0
0 0 0.43703491179908527 3.524467044171466 2.6230427865553434 0
0 0 -2.162521422987668 0.7091274015320731 -0.3609077865701534 0
0 0 2.4833250475283144 1.9449275365922003 2.6204629263538264 0
0 0 -2.32491098998959 4.018333681552415 1.3731153187103518 0
0 0 2.617232631478144 -0.14455940368984238 2.6806284859033145 0
0 0 -1.392310125970944 4.263071870194379 0.7430671392698213 0
0 0 2.5969735373953924 -0.20793003915551844 0.5581978804603335 0
0 0 1.3160054610108043 3.6491287728854505 -0.20729495940062204 0
0 0 -1.097623579225735 4.050951812156051 0.2901525493643496 0
0 0 0.6141835718874504 -0.10486376111401469 1.5485789684440965 0
0 0 -1.6732842489850845 4.385281553192792 2.2834661669529934 0
0 0 -0.7538490334481507 4.099590376457238 0.31754124823475577 0
0 0 1.7253948882155354 4.363968176039516 0.8359018929415174 0
0 0 2.898455762180534 -0.080647337960499 1.4739430324075447 0
0 0 2.9616809984244457 -0.08258124674484507 0.5063085969109867 0
0 0 1.0171687592993184 4.349447110446194 1.9824278407665505 0
0 0 -2.3401027784370303 -0.05059005094632568 0.011452823310078065 0
0 0 -2.468850650059757 2.96272498954273 -0.05081531986760729 0
0 0 0.7680390948233282 1.851865369883304 -0.11652285000586166 0
0 0 1.6082131472134895 3.0490396422972013 -0.36154080192360677 0
0 0 -0.6440252729170579 -0.23971109422570316 0.10748559120345509 0
0 0 2.588724685468213 -0.1674627831675094 -0.3146489191776831 0
0 0 -2.2444155002092034 3.2332995705212473 -0.3063134367168614 0
0 0 2.2911253864267938 4.377835450249889 0.12606551368588406 0
0 0 -1.9112936129228184 1.1111806901716323 -0.05442087628090808 0
0 0 1.6078536572725088 0.008032541879520017 2.8371665833160544 0
0 0 0.25190886794478384 -0.0641472338676336 1.9219875702300095 0
0 0 -0.7926349037085552 3.6879095104215813 -0.2434208180088704 0
0 0 2.2683257900550133 3.529645489375732 -0.03384948981868752 0
0 0 -0.7789118446021259 -0.13888794420448602 1.3311593944937674 0
0 0 1.7263442813538843 4.304449146180187 0.6269324705998552 0
0 0 1.3492042200549008 -0.16569858576525218 0.17598324677293195 0
0 0 -1.6609001449066898 4.180264450790336 1.630304584340316 0
0 0 -0.47128534864407223 4.079716756957955 2.1088275890001036 0
0 0 1.4761531819298739 1.8736488999825567 2.6032779561865853 0
0 0 2.187674536638095 0.2581919308337739 2.9728995416420725 0
0 0 2.7097676041435994 -0.17165543428505783 -0.2952274579535783 0
0 0 2.1189280736348755 1.2729397413190453 -0.34646159324694437 0
0 0 -1.3851675064776 4.080228538504939 -0.348664041545138 0
0 0 -0.234041963267555 2.171070844990107 2.9774687393920907 0
0 0 -1.3212375234935243 3.481341346903379 2.6521414383590125 0
0 0 -1.603322540763217 1.6797477938065297 -0.3653582055364898 0
0 0 0.08764537119358629 2.1049876074927822 -0.1401057739276924 0
0 0 -1.6676369529209238 1.741711988175978 -0.18071453785280853 0
0 0 1.4004832204945696 2.340127010859609 -0.14463362864817192 0
0 0 0.47457577697721387 0.3799870952435349 2.928239682856657 0
0 0 0.4528725283178576 0.3587916303398555 2.968133647628857 0
0 0 0.7076470643856854 2.2337510568937016 2.849872243624747 0
0 0 1.7431204884486355 -0.10875952951191448 2.414283812239609 0
0 0 -1.26297295895406 3.6246908787412067 2.9313698398520502 0
0 0 1.4640218411328574 1.573009385962803 2.896110227045266 0
0 0 -2.1031692771159776 -0.15321670243267166 2.0295446278853806 0
0 0 0.7671015204620923 -0.10782249282523237 0.3352905256056185 0
0 0 2.208313153884709 -0.24674195607601865 0.8417186179506235 0
0 0 3.0218709361756035 2.549403129378334 2.811805725150337 0
0 0 -2.2512136961155775 4.12616032207612 0.2650211105211007 0
0 0 -1.2546388427344717 0.9096820352733576 2.650280331524565 0
0 0 -2.5981375564830795 -0.3655195843960664 2.6407803584778566 0
0 0 1.9052929262954583 1.635484851142408 -0.15786799401289253 0
0 0 2.2625009301318926 -0.050769165578277486 2.6901148489927214 0
0 0 0.4991535799318534 2.2805082926299534 2.904569645458243 0
0 0 -0.1824977280662381 3.861363752426388 -0.020134733404343463 0
0 0 -2.6324786491392653 4.281868099127828 1.3330954661981311 0
0 0 -1.717256560091846 3.534490691966451 -0.15215637222885012 0
0 0 2.758169636900016 -0.3359277659108278 1.2975403775170746 0
0 0 0.3293826011675409 4.025262700192817 0.6219847755955726 0
0 0 -2.3796122662629644 1.3702420241056306 -0.25206971126155026 0
0 0 -2.1493851782491324 -0.04565686798682683 1.5244774218764967 0
0 0 2.5764150042372265 4.326191499137523 1.2682158411314548 0
0 0 2.1235322267147962 -0.0025435546869952974 0.8828286050215141 0
0 0 -1.946458885750826 3.5389157468816124 -0.33389367461211855 0
0 0 -2.946596943034442 2.810963296146616 2.703185973057272 0
0 0 -0.625255159403725 -0.044458628047727766 2.645243421483892 0
0 0 0.6935371103508987 -0.18554783657731547 1.7119211493148692 0
0 0 0.5680156184698197 0.47968955701895777 2.7252133031877825 0
0 0 2.2951484162557483 3.8410377100820177 -0.2819655696756022 0
0 0 -1.9009473372495773 0.5513751034695414 2.6414116328637776 0
0 0 -2.0007050315618615 -0.3461932476335104 -0.3958925518474049 0
0 0 -2.907271061952639 3.5609123501019635 2.8956749553441625 0
0 0 -0.453024830077537 4.108110862327303 0.029897164181967705 0
0 0 2.137289032578458 4.264863813430122 2.4749243711304656 0
0 0 1.456247911263417 2.684233569850349 2.8228419085951835 0
0 0 0.45385695103338985 2.8170909196388445 -0.2185219860560894 0
0 0 -0.02573870780264098 2.511112313474068 2.9045034558867444 0
0 0 -3.002738237746045 3.7778181043428174 -0.29455379974545687 0
0 0 -0.06695725566243649 2.131403566316751 -0.36464550484530855 0
0 0 -3.076136085250223 4.274132742317743 0.9763865606632558 0
0 0 -1.9852285473021547 3.737072594922966 2.6896647603053268 0
0 0 -2.0769953140282085 1.8902123480817599 2.660209783583751 0
0 0 -2.7164275817785777 -0.25950600091771525 2.0920760886995504 0
0 0 1.1335422074207901 4.269760296626242 1.7199879742758004 0
0 0 -3.1098112185875286 -0.23247139341137912 1.8254813804617709 0
0 0 1.4838310384675015 1.434575560165332 -0.13941064000617892 0
0 0 -0.3426938724433617 4.286659391071445 2.8770658224989294 0
0 0 0.19347815609780206 4.007490001226337 0.4619920586952743 0
0 0 -3.069098001023248 -0.2400388909735936 0.21900906650193472 0
0 0 -1.4618482849678247 4.2947393250541515 2.7640875156736686 0
0 0 -2.2282775477505044 0.7285248531805478 -0.22275652104591864 0
0 0 -0.034484755108673326 2.0199851054804077 2.682372251011663 0
0 0 -2.801775603452911 4.348366389960551 0.9817434912619744 0
0 0 2.028214090149162 -0.29191537179524596 0.9717855467556528 0
0 0 1.2162351778977287 3.2951430849233843 -0.3084240971478636 0
0 0 1.242395811639338 0.32289526395806756 -0.3573744867898044 0
0 0 -1.681407096007073 0.7003359531933727 2.875465951472524 0
0 0 -1.2150887479986616 4.1242945666550845 0.7584228986378635 0
0 0 1.784204002010453 0.3607638421123347 2.751907094660853 0
0 0 2.312409260430983 3.053840746000444 2.948182444541243 0
0 0 0.4260182587944388 1.8728834419452212 2.75388100050326 0
0 0 -1.0829894124077728 4.2430268347839855 0.38960188069292073 0
0 0 0.5175551011234818 4.236426023651287 0.7926792288779506 0
0 0 2.4932031436614963 4.069621006116325 0.3498469888134856 0
0 0 -2.6564510268728005 0.7443439559404527 -0.3197519778264574 0
0 0 2.401542076724998 0.4971730794886059 -0.15305952543270473 0
0 0 0.7708865557773366 2.3734787654981284 2.9348669851054034 0
0 0 1.8411778012663884 0.9847451883160959 2.6378002784863708 0
0 0 -2.7376989314157156 1.3797577607645408 -0.12275950484973075 0
0 0 0.1233201326024469 4.316507193504544 2.608706061547595 0
0 0 -2.860758677744679 4.247279057437917 0.4303668346059365 0
0 0 1.1776122959334812 2.9976578886961476 2.745049143718767 0
0 0 2.1850362270247343 3.827662063094015 -0.29425211216124847 0
0 0 -1.1174278740729675 3.724844573748323 2.7759292123281756 0
0 0 -0.9931421633221564 2.377233151450116 -0.261048933453634 0
0 0 -1.4367611911634897 2.2534625580703587 2.63911277592461 0
0 0 0.010581887952721303 2.1076702092566286 -0.03315787518473634 0
0 0 -1.8303405225702798 -0.2897265344657649 1.3956167066028535 0
0 0 -0.5019146850699983 4.170792991128363 1.782828108419773 0
0 0 0.4665106048942236 4.049873758921029 0.6486319023870833 0
0 0 0.9582266624834901 4.1724937086188545 2.956207479407174 0
0 0 2.9037730924113534 0.4051125943871958 -0.2819843400283915 0
0 0 2.1349371132205146 -0.27116126601100854 1.4075638777771358 0
0 0 -3.1067404928788434 4.188062324740161 2.9857341789766685 0
0 0 -2.009883488750317 2.747703417734467 2.691207031501136 0
0 0 1.123694933971934 1.853027768122022 -0.033429499710331045 0
0 0 -0.9014060083643542 3.6759062572321457 2.7409992730490464 0
0 0 -1.4408820071641804 1.5659213624609207 2.6505664575658425 0
0 0 3.022551944315352 3.979389545404 2.71185922819752 0
0 0 -0.06918792065030921 -0.09222288194691386 1.4084194133111412 0
0 0 -0.681935182133997 -0.009937671816728944 2.1107023968063925 0
0 0 -2.8999998771270046 -0.020477255089601465 -0.3153342943326056 0
0 0 -1.458074318502008 3.2169458495482863 -0.06304542836351107 0
0 0 0.8623938100576991 3.7964434643175697 -0.2277933538618916 0
0 0 0.17067136120318338 2.7267767341254956 -0.08778794656095062 0
0 0 0.1526442507646908 -0.0010709131105656189 2.2959736991490876 0
0 0 1.3326726493060583 2.1267308864706966 2.9601267582789395 0
0 0 -0.9996994537470951 3.0203571018218396 -0.28361158566398253 0
0 0 -1.4654301804471506 2.4168413861919866 2.6758161289946645 0
0 0 -0.7773126444725462 1.5221395979349595 2.8749257598283267 0
0 0 -0.3589202021489557 0.042003068549068046 -0.3971067060776414 0
0 0 -0.9192157222477046 1.5634284122957056 -0.044815738765061064 0
0 0 0.9803963699654084 3.4881209160237545 2.623410502407988 0
0 0 -0.20253806069154123 2.5513165668115847 2.7521820492464375 0
0 0 -1.6368767860923252 0.8743189003212696 -0.06382002741983245 0
0 0 2.675654549880954 4.193136881052523 -0.3213851929594045 0
0 0 -0.23022351835598975 -0.236255990499985 0.5344350288867704 0
0 0 -2.2628951098868884 4.000142364951595 0.21856618246909224 0
0 0 1.0227039463636407 4.191822910985471 1.8171902503600745 0
0 0 1.6074076007233993 -0.28051701686649133 1.6230754155813854 0
0 0 1.1039170454421283 0.18444982131739396 -0.27539877140486824 0
0 0 -0.46414314240157095 2.819014178285574 -0.28444266041760846 0
0 0 1.1313180028421144 -0.28180500205126635 0.9043917619801728 0
0 0 -1.6760210551910162 2.499575671142585 -0.08459279484773768 0
0 0 0.3579048951653623 4.036592444890447 1.1730886385761958 0
0 0 -0.47966309877292757 -0.27889551074296576 2.6163439876172787 0
0 0 -2.1650759232385637 -0.3025598256589905 1.8500599746881092 0
0 0 -0.22573548581737102 -0.004242866570033588 2.163068457636185 0
0 0 -0.5965731347286316 2.5713681630603267 -0.0804880321671328 0
0 0 1.3291870106774644 -0.14203224152361443 1.8565839350054114 0
0 0 0.3178860409237969 4.25983480279538 2.8290397931096023 0
0 0 0.7523813715133665 -0.1567337052480502 -0.28245666090162697 0
0 0 0.4896631043384878 4.084875605257183 0.11873572469288218 0
0 0 1.1957956233697393 1.131664556939036 -0.15528945228715876 0
0 0 -1.4225381099193313 0.7254494205529972 -0.16358333556104157 0
0 0 -2.9575427290721614 -0.25092387027238405 0.34239379587142815 0
0 0 -0.8848524103555282 4.10291350585599 1.4179491794561914 0
0 0 0.2569925125415682 4.280648682499507 1.8440211783603495 0
0 0 -0.8100609544746495 0.6590362791666863 -0.3335295983479087 0
0 0 -1.9120296686563956 3.7676626194294225 2.771196562511209 0
0 0 1.8698995474015137 -0.10049500555482332 2.5894910840023395 0
0 0 2.2374520538872105 -0.04854395799203082 1.021671388041903 0
0 0 -1.0078646494626509 -0.3602985754073178 -0.29302087844772956 0
0 0 -0.4100956481548632 0.8675410626188865 2.689006126559024 0
0 0 -1.8684252091778795 -0.06906493145832787 1.429589288567833 0
0 0 -2.4362870884429872 4.379434109208856 0.32773372795811767 0
0 0 -2.972862189430825 -0.1027081345391857 0.5280306202723645 0
0 0 -2.045821593132154 -0.30547342738871436 1.3447470971599291 0
0 0 0.6385494123671465 0.5895033312202637 2.835341216339628 0
0 0 1.0314895329817872 4.0281507977179025 1.3836257910979082 0
0 0 1.0118145106775138 4.134434603954968 0.530473118466611 0
0 0 0.23659314723832692 -0.1346142802231592 1.3577578747120491 0
0 0 -3.048526407887753 0.041053892814140125 2.975043928625052 0
0 0 0.6286625416493985 1.965665852207315 -0.14921771837897707 0
0 0 -1.054654603229249 1.5713990067174515 -0.22451175154529135 0
0 0 1.8563469313873542 -0.19292283139805144 2.135043849243414 0
0 0 -0.24721121757581832 3.0471840954325726 2.652940952804378 0
0 0 -1.1846874271490357 3.698252563621352 2.6559818876562984 0
0 0 0.6797104701385095 -0.15884886429712422 -0.3125300661577119 0
0 0 2.670334696060115 4.137590806518018 2.461333122859893 0
0 0 0.624782855723907 4.336721955038262 2.6420273691348997 0
0 0 1.5915191967042448 0.7295984247008528 -0.12927260961444764 0
0 0 1.856908543047286 2.92444318474452 2.873543901522742 0
0 0 -3.1325236090559434 0.37172393511049784 -0.22097795836070466 0
0 0 2.211474997526067 4.087745077126017 2.001507753211085 0
0 0 -0.10548263412537917 4.342593089848291 0.10752803028983189 0
0 0 0.7818836003049197 -0.08175365932193407 -0.27623773469255924 0
0 0 -1.2892248473716954 2.873316765914738 -0.1440409299172432 0
0 0 -2.1497630824838065 3.375666209798817 -0.3439133734722278 0
0 0 -1.7823658726118985 2.168501664067466 2.820186689772505 0
0 0 -2.700077464517926 2.4158402454525176 2.9620369511192237 0
0 0 -2.0054439780330244 2.0292127857464033 -0.18202674628564008 0
0 0 2.755785708655937 -0.3859527913146151 -0.35073492386571703 0
0 0 -1.244121602901367 -0.003303553443131657 0.9669526876593558 0
0 0 2.2635940417204585 0.6512807314706562 2.936474548247682 0
0 0 -2.596236614012445 4.096309415030102 2.6172384851412724 0
0 0 -1.098806665234819 0.1530869602465622 2.9596718127208286 0
0 0 -2.629352368764451 1.497926284537185 -0.3253024072504136 0
0 0 1.500388410674546 -0.1857453771923222 0.8778557667770583 0
0 0 -2.167235865193742 -0.05613078698061641 0.2120870441427971 0
0 0 2.7786239399884414 0.29614357287030846 -0.34540127829628114 0
0 0 1.1215202122829533 -0.02642858562178968 0.647244845186294 0
0 0 -1.7211606406681463 3.149828720062137 -0.20299961520622906 0
0 0 -2.216660015673487 3.9617255209339794 -0.2393092411261658 0
0 0 -2.180832358006414 3.6548010860085376 -0.10056378116616266 0
0 0 -0.10983092766287017 0.9766260308868128 2.916461904255679 0
0 0 -1.7587006092749304 3.612322449965577 2.824238647964772 0
0 0 -1.2761946486653848 0.6542092399190128 -0.07073791441023014 0
0 0 -1.844611608385996 4.365366049728858 0.07647738931516812 0
0 0 1.748818069920734 0.2407091987350417 -0.26253834979137847 0
0 0 -3.0774176797590664 4.254224032251944 0.1033213343238057 0
0 0 -2.5419537413113287 -0.17238830493862697 0.22727429717712114 0
0 0 -1.0036563123946634 4.246403462302105 0.5642754082829073 0
0 0 2.3588834956058173 1.2837748052339566 -0.33642444687184303 0
0 0 -1.955326358349148 -0.2479926152482781 2.9418182632540124 0
0 0 -2.3871630437205753 4.317355845654975 2.549138762665072 0
0 0 0.2109165746461219 -0.0846671532662372 1.0507074580545694 0
0 0 1.6326536100288216 -0.27453330802681847 1.3092212588149779 0
0 0 -2.963017338126752 2.4892593572775916 -0.14738635487625262 0
0 0 1.282402960584883 1.1089191413887738 2.729749720531865 0
0 0 0.7053503662351042 -0.025182866245554048 2.0953464466406686 0
0 0 -2.157207289931504 -0.1531628092207315 2.9099814272888263 0
0 0 0.6853655047309988 3.7706817268480752 2.702636605063385 0
0 0 -2.090435173562767 2.2282882222574902 -0.3848167658381597 0
0 0 -1.9668527395393425 0.8507566657098905 2.770119559745067 0
0 0 0.5591970857677904 0.29275316143743657 2.7397849207333778 0
0 0 1.5255276852099557 3.765085077933396 2.8127379181609786 0
0 0 -3.0754685758143143 3.188358928807506 2.6792005650798503 0
0 0 -0.02020479602959302 4.314231474088865 0.4744240526522241 0
0 0 0.6795743736094542 1.9659985794955759 2.678444453342242 0
0 0 1.7837730627485149 0.5141261802127244 -0.15219964770732164 0
0 0 1.1107693464848962 4.095511088954594 0.1782155999326658 0
0 0 -2.4228185883690907 -0.25465828657861456 2.2803184938867407 0
0 0 -1.192383265325425 -0.11975739814645825 -0.03947571521432924 0
0 0 2.6868348568623066 -0.2815739693175048 0.7935212191191184 0
0 0 -1.746114953537228 4.347417855737221 0.06491308080355455 0
0 0 -2.4999054859418393 4.318085501243012 1.3473562646176283 0
0 0 1.0779077838707138 1.4700044577230655 2.6259384427929664 0
0 0 0.19190479052226506 0.4830070521344142 2.9109891007636737 0
0 0 -0.6652155137584423 3.562876449856769 -0.19241413513991212 0
0 0 3.0283385305826123 -0.3188483363206031 2.5615416947779366 0
0 0 -2.2147917000727624 1.0293307015014403 -0.018981423467619662 0
0 0 -1.8288591069148663 4.045446296732952 0.4335747032789286 0
0 0 2.389635950016939 -0.07580788812780093 1.456822186254542 0
0 0 2.0597242530616864 -0.16466455394296362 2.158122837146636 0
0 0 0.5435196947978396 1.5017469416128786 2.789190170515884 0
0 0 -2.647720844364561 2.880115962954659 2.8430094100797914 0
0 0 -1.2192816629259493 4.220243002526055 0.28825543536961223 0
0 0 -1.5671884441199069 -0.09940551265977376 -0.1080545880757155 0
0 0 0.0736291231131303 -0.06212274048627803 2.9654016843547524 0
0 0 1.2789150660776993 4.142438859166287 2.407636048473068 0
0 0 -0.39730790428152973 0.524298196210447 2.8908774385018257 0
0 0 -2.6405094612261126 -0.1655166185621264 1.6340847940792116 0
0 0 -0.8271022860416024 1.7412065020822038 2.6129659755283425 0
0 0 1.7115036494887068 4.35098710269497 0.43831815224177856 0
0 0 -2.6635341514732103 3.5114952248301887 2.656437754493339 0
0 0 1.7921843030766151 4.355399043690131 0.15534699385147427 0
0 0 1.1623902304585645 3.2717046027144034 2.8798953250304438 0
0 0 -0.8669487979329542 4.357710282647579 1.2380178552999652 0
0 0 1.0756736291537754 -0.37685414134111866 0.3405844962219551 0
0 0 -1.170538711623242 -0.07260306415407725 2.364894793570136 0
0 0 -0.01489129375166387 2.6817042365693804 2.6566531052828894 0
0 0 -2.037779779808281 3.5088438188048956 2.8379609055124195 0
0 0 -0.8402844924685735 -0.10624955222951171 0.25192086224450766 0
0 0 -2.357542212094084 -0.12167809337943059 -0.34189006025123225 0
0 0 1.7720166702052085 4.048043986695031 2.9219172999382113 0
0 0 -2.4603566230686744 -0.29500126902838114 2.6760461910965763 0
0 0 0.16299624628611964 3.1615377996801923 -0.38911100903862783 0
0 0 1.2629139313591295 4.3402345591136955 0.7458348692247806 0
0 0 -2.137643256400785 2.407426673011132 2.60840491519739 0
0 0 -1.5854477542893588 3.4063508105185774 2.8710387232013 0
0 0 -2.1995150769042695 0.6846863705973635 2.7424611050243515 0
0 0 -2.977346644667769 -0.15528394482679408 0.0917514749573888 0
0 0 0.8569004566411875 3.406437288720688 2.6308029812191815 0
0 0 -3.0473253856366984 1.4404745228508364 -0.04240552581279272 0
0 0 1.8997871314433503 4.134208946051479 0.548194716026151 0
0 0 -2.4878601928383226 3.94643898623725 -0.21483356804211362 0
0 0 -1.6267380094825878 0.8658969245287519 2.8434098181883662 0
0 0 -1.3515912137490478 0.1508069606147706 2.6270308015761086 0
0 0 1.0865447476828578 4.314371648567797 2.914271169819958 0
0 0 0.4716399606870616 0.3669393440988151 -0.08868414593028368 0
0 0 -1.7687344625428916 0.6983483848948725 -0.3125528768740413 0
0 0 -2.79079971275092 3.288416914007343 -0.07469085444676021 0
0 0 -2.1706304008275046 3.288813187256027 -0.08482874662985423 0
0 0 -1.0854262128579997 1.8350181624255457 -0.1159681571029571 0
0 0 2.7465596602884785 -0.26169876228209216 2.5949903212730163 0
0 0 -1.7948836711845082 -0.3662163321896733 0.15699327998165752 0
0 0 -1.0778781887977211 1.3181691019678632 2.7578615701259657 0
0 0 -0.4759860594023717 1.055216286941902 -0.3507246167891208 0
0 0 1.4817240824185909 4.144659286943189 2.350181512910819 0
0 0 -2.635003179131343 -0.3348481033297311 2.3054308665044183 0
0 0 -2.360728857158599 -0.01378804943469214 -0.1489516517341481 0
0 0 1.0748850673077337 2.482272725154411 2.990094269042868 0
0 0 1.1723774084770566 -0.08525273549864915 2.022465975777734 0
0 0 -2.8266348644743933 -0.021788792841866078 1.241983235446704 0
0 0 -1.163766580959615 1.8941503068809271 -0.08490571180757356 0
0 0 -0.16343379823345616 4.144622902395045 1.221762031505257 0
0 0 -0.4072402347880226 1.5609135684929094 -0.2316317602387492 0
0 0 0.19200430737379692 3.9961570285414223 2.761934474430378 0
0 0 0.5663080424266456 -0.15962418011818807 -0.35733870206349805 0
0 0 -2.4106192821112886 4.385274773763576 2.603917555377157 0
0 0 -1.6522095865284347 -0.34466123017924843 -0.1792975084000518 0
0 0 -2.453778514214156 3.0800622393961303 2.968943560627728 0
0 0 0.9653629296057806 2.376530792227593 -0.13136410299927698 0
0 0 0.05215234483747633 2.5953213172872176 2.7241196931901857 0
0 0 -0.41440890761194504 2.190790865987853 -0.3779569948344912 0
0 0 -1.9771730803731655 2.2877864285771894 2.853040909766033 0
0 0 -1.0800008036546287 2.9909296963675076 -0.2498821319974651 0
0 0 -0.7250273872969211 4.004879794223608 0.49079168394525885 0
0 0 -2.3135242368731874 0.5157046196160157 -0.3917417401759924 0
0 0 1.3856641913468515 0.0863572719856821 2.7645370526515154 0
0 0 -1.852556110400972 2.6193290971499823 2.8061631553957107 0
0 0 -1.7718072661218465 4.2080460552903975 1.7565766878472269 0
0 0 -1.9785134337578032 3.817726392259876 2.889877776358244 0
0 0 2.675690160369533 4.396496563839728 1.913399120710133 0
0 0 -2.305702046877026 -0.31062264714061305 1.475282357882532 0
0 0 -1.4850554305555463 -0.08618936632158275 2.201687012340326 0
0 0 -2.38238981237816 -0.2734509435251134 -0.07039130221639295 0
0 0 0.9865712439524117 -0.37191656227561626 2.2762533275235817 0
0 0 2.582638744159947 -0.10275663084873349 1.9663507854298214 0
0 0 -1.0941187103906422 4.227004826106838 0.7978689927270057 0
0 0 2.52299944275968 4.054514591494603 0.5352976059961859 0
0 0 0.04478505947885392 -0.38898521994489726 1.4875699820480313 0
0 0 -0.030839784303956286 0.07840198762087225 -0.13053335095403523 0
0 0 -1.2541230872973406 4.094936777400157 2.6187376826342397 0
0 0 -0.2235981170590451 2.2873460646201673 -0.043356889745119864 0
0 0 -0.8719625057117923 4.338763870451705 1.4764939213821153 0
0 0 -2.9796522065226436 3.6756403073766504 -0.3881381888440188 0
0 0 -0.6145562280331576 4.380354596337531 -0.21253960835479047 0
0 0 2.284581218052293 4.163478231967507 0.8918416208907654 0
0 0 -2.0118139409823126 4.345124704657724 2.780527110218357 0
0 0 2.8804081312408085 2.361072798389753 2.6509358446766744 0
0 0 -1.619207276746575 4.112528120593499 2.858624930594993 0
0 0 -0.09138021236616423 -0.0974457415134159 2.8465539114463914 0
0 0 -0.15342767585352668 3.7934706667732567 -0.15518702856299457 0
0 0 -0.8491154585095368 0.341224669669171 2.825032426099767 0
0 0 1.6843523464350607 2.3336251649275495 2.816029736313144 0
0 0 2.0622802633381205 4.317477528938382 2.6795526658147835 0
0 0 2.602328509407431 4.047727006804927 -0.053646630168972476 0
0 0 0.4080643024997106 3.0407295954951183 -0.15587756491870652 0
0 0 2.756450624000566 1.1605970233085627 2.7197205281990007 0
0 0 2.9655207390463847 4.2756190866030765 -0.06440770639833543 0
0 0 -2.4549793119389873 4.121050957291069 1.6099988302730226 0
0 0 -2.3746033335662293 1.4861590713044586 2.633943623008078 0
0 0 -1.973428103733296 3.309876260902959 -0.10078613940507813 0
0 0 -2.1409650189615252 4.31831970876375 1.2189889849341216 0
0 0 3.0739712344281713 2.9380593168418216 -0.23952118681605047 0
0 0 -2.3073902241196755 0.5889369464371241 -0.060329467886476085 0
0 0 -1.301921767784641 4.023068090779716 0.6324419889712691 0
0 0 -1.1133497762017814 2.2577238059030376 2.8748946986960315 0
0 0 -2.594289781071634 -0.13413382721120265 1.9428995509185947 0
0 0 2.2268779453323164 -0.14107302032691876 2.39989521343866 0
0 0 -2.062837673922262 3.961870827839317 -0.20551755128680227 0
0 0 1.9173555528456054 4.109559722008075 -0.25552413214948955 0
0 0 -0.42572687315551194 3.7871401529960145 -0.10131793496058505 0
0 0 1.9567677564974746 0.6376636374076473 2.8204099964118843 0
0 0 2.906225547972298 2.2082338491152043 -0.3039742189982153 0
0 0 1.451449680338551 4.285723853147978 1.145585309041582 0
0 0 2.5897194830116863 1.7312632814645674 2.9282174781112627 0
0 0 -2.032185778601421 0.6944533866201764 2.9420107570038843 0
0 0 1.2479880443326428 -0.310390026927703 2.5368543310013068 0
0 0 2.8378416392055925 4.301554352873303 2.2437208258812036 0
0 0 -2.613173180348877 3.8825186613415856 2.8651103666486177 0
0 0 -1.7176017266313974 1.7687812173039212 -0.04484011087868006 0
0 0 -2.6044505364308117 2.1967300319740324 -0.07483659761099071 0
0 0 0.7418554014803251 2.4526154457235747 2.9396704863449363 0
0 0 -0.43317340894399425 3.588757925931478 2.678580447913407 0
0 0 -1.5623065071006919 1.5649575046473854 2.810229661998646 0
0 0 -2.233894567422887 2.486659114759065 -0.3172021451375565 0
0 0 -1.320753111697475 -0.2920624073463724 -0.3705662294580737 0
0 0 -0.1404774182985773 3.5810023776108273 2.8702324298078006 0
0 0 -2.9490691572903667 0.8093275267526846 -0.23190085559903761 0
0 0 2.719644381503171 1.5725377114812917 2.94426569386981 0
0 0 0.5351365498116776 -0.26155895785827665 1.248332776367189 0
0 0 2.921947008953131 3.1029311826225707 -0.37838366256929157 0
0 0 -1.1752157193891435 4.382838958205249 -0.00427100157081195 0
0 0 -2.6358597823312797 -0.373662947889939 2.4836107122695763 0
0 0 0.1257595827897835 -0.3579946270290132 2.5048766489545597 0
0 0 2.7803636990857346 2.444148931598018 2.9426350037922417 0
0 0 -1.4745447850941504 2.532602504627472 2.996415172636738 0
0 0 2.4664390381378993 4.214844678143787 0.043747106956005366 0
0 0 2.848044913433121 1.3204101674152984 2.937354315234287 0
0 0 -1.4360714092526499 4.153521910708926 -0.040252032699338525 0
0 0 1.6828541431462378 4.290871583743765 2.5585864963832994 0
0 0 2.679282779979828 4.3807252768817255 2.548991139495516 0
0 0 -1.0444530659906626 3.9835465840900164 -0.3847753529433828 0
0 0 2.991589475316408 0.19673553131723165 -0.21913417383885725 0
0 0 -2.300687098632989 4.12882746143748 0.9015801805345657 0
0 0 1.259905538821977 1.6654432600377 2.6369748526227714 0
0 0 -0.13696222400282698 2.2461346847953867 2.875783524931634 0
0 0 -2.3711164119719457 4.206722846524931 2.0659090124202257 0
0 0 -0.17023380709760572 -0.33831097753698486 1.5329137034399571 0
0 0 1.4833250730738188 4.021921444948165 0.15696583912045783 0
0 0 -2.6723862557445965 4.1724262408577015 -0.24876901975550414 0
0 0 0.7262931242845432 1.0614349221041173 -0.3997696994519562 0
0 0 1.207695627969101 1.220486311979331 2.875051431567435 0
0 0 3.131181400157229 -0.2907996148057613 1.0866242965674227 0
0 0 -2.8270022809413344 3.5003148857891286 2.7346883432158116 0
0 0 -0.878005221678881 0.8071367077282489 2.8604360721287105 0
0 0 -3.1306032707996585 1.894015449981941 2.9828454596487335 0
0 0 -1.5568545910838751 1.4929486071308906 -0.11915027723966881 0
0 0 2.5169865691310394 -0.3420750896642247 2.6611630513488107 0
0 0 -2.9958782915295004 1.6267169916446824 -0.05306724988265049 0
0 0 -2.709722066079587 2.8221861117737053 -0.13242902993002248 0
0 0 0.07880728395487813 3.8519818122351865 2.8315271993613242 0
0 0 -2.1266033264899775 1.81629266736915 2.828997481749264 0
0 0 -2.7195740206862244 4.369584771318835 2.0270105548086295 0
0 0 -1.306136600965457 1.459414698198076 -0.30583695295161456 0
0 0 -0.6685126518490301 0.6354750494001525 2.627322297510472 0
0 0 -0.8314701342627422 3.8615445371905524 2.8544841396939016 0
0 0 1.200181179391313 1.471585931549706 -0.16834229825349528 0
0 0 -2.8360154735937155 0.9228329921984836 -0.37601692120430946 0
0 0 -1.6839190428338802 0.42054372794372674 2.917774540545972 0
0 0 -2.5102979362788536 0.6723030055772198 2.875099192968905 0
0 0 -1.7663349455412298 0.06214375437856179 2.922938391381849 0
0 0 1.056905620060605 4.344777811315296 1.5308141545923954 0
0 0 0.5474459670869827 2.4210251011822983 2.7548759549498296 0
0 0 -1.719043103803151 1.0977946728846018 -0.20080074133059692 0
0 0 -2.1401059662804984 4.369857434803773 1.194421367422135 0
0 0 2.4318957548209577 1.541848424495992 -0.19685104094355066 0
0 0 -0.5904476444189308 4.205108075227512 2.8758509200675406 0
0 0 0.27393744641955253 0.5632552111957945 -0.08207643980634416 0
0 0 2.555373636394034 2.480635804558823 2.6535730150091426 0
0 0 0.6943964695907137 -0.12431790668523257 2.819911820755177 0
0 0 1.20005662175807 2.7976983646808407 2.820183049549639 0
0 0 -1.94365679416275 -0.3035593760072495 0.6398206266941395 0
0 0 2.986708390498708 -0.15037220584314684 1.3863033838145367 0
0 0 -1.8062617523664655 -0.3516230958474223 1.4343708382381204 0
0 0 -2.708379564950418 4.247447265652602 0.8061262836225892 0
0 0 -1.672878804241807 0.7176320629489424 2.842350204872801 0
0 0 -2.516481565027152 0.6654844955097067 2.729831195011398 0
0 0 -2.6223072108631866 -0.20025952593008148 2.6025730859295195 0
0 0 -2.326131284856172 4.050407589761155 1.8500216233237492 0
0 0 -0.8728545289689098 4.018342376286588 0.5359982975776542 0
0 0 0.07763261508804531 4.102973689588978 0.2693054428511331 0
0 0 -0.4307782847569879 3.5551825421326253 2.8228143543950055 0
0 0 1.9773182560908023 3.284580047258278 -0.2898958469399307 0
0 0 0.47365549314090805 0.032080860102334297 -0.050188288825390226 0
0 0 -1.270011923373149 2.499551223072422 -0.011597336492768728 0
0 0 -2.9194370769253704 1.2361545020092053 -0.2208332318826099 0
0 0 -0.2818575018106819 4.204274073643319 1.6750294492983295 0
0 0 1.248869911019665 -0.34704939833032594 0.16848834802826027 0
0 0 -0.9587280007091517 -0.1555862633634535 2.3967367414447716 0
0 0 2.5978925757233844 4.293553772684834 1.1822271043666308 0
0 0 1.356262110320424 -0.10444688955501519 0.8744880753732754 0
0 0 -0.6919782281140594 -0.18836260234299695 0.26561952803247807 0
0 0 -0.37175273975851875 4.119111932190516 1.934802764958321 0
0 0 -3.115086024543942 2.0910495370020388 2.610100271845257 0
0 0 -1.2841512657804959 -0.3916764599786772 2.1903168966634445 0
0 0 0.7162784151998869 -0.38543642090463237 1.8873992071482182 0
0 0 -2.7677140515013825 4.365461696128281 1.664998343889784 0
0 0 -2.3492769616637954 2.2130048100229485 -0.19352145484937427 0
0 0 2.711821177365901 -0.32816605776610697 1.3499749262449743 0
0 0 -2.7132203451143897 4.3460572099637 2.7729416918388177 0
0 0 -0.866312795622783 2.073503692037488 2.879180931480036 0
0 0 0.1141453332695388 1.0878503344332326 -0.07684897815705949 0
0 0 1.9864870534373296 -0.3430504990006946 0.7070626808904353 0
0 0 3.022734269096679 1.926296834811589 -0.03269479744774051 0
0 0 -2.252454368183497 2.183832236701937 -0.25977537254917515 0
0 0 2.558606966755238 3.384798480103404 2.868845882600063 0
0 0 2.5212615805643255 4.13093745459491 2.4994699575338686 0
0 0 -0.8620131589442339 0.40795200388801234 2.9509213774054963 0
0 0 2.9050437977463828 -0.2389816566396712 0.03150719676528024 0
0 0 -1.7529724770219146 4.241209470296558 0.5352466043407139 0
0 0 -0.1312240049822333 2.410914122276972 -0.11784689387768016 0
0 0 1.615764334985709 0.06213866836362619 -0.07667545779570106 0
0 0 -2.7202315450706855 -0.11280327942551449 2.3230299874016103 0
0 0 -0.11573697147381523 -0.22276065950392834 2.754673718807404 0
0 0 -1.057222983600591 -0.24741574374874406 1.0965822267101806 0
0 0 1.6468433416685802 4.1689055673472755 1.218686108216928 0
0 0 -1.6945421757552361 3.6979570608758157 2.915515290168659 0
0 0 2.1875102962772583 3.0982379326769136 2.795107011283302 0
0 0 1.311920569239212 2.445224892543469 -0.3090068466936105 0
0 0 -2.6496311378893185 1.2460088414841906 -0.22124104916511356 0
0 0 -1.3942100283130092 4.108249080079471 1.9019371416970725 0
0 0 -0.251655357336118 0.7948673984848899 2.9035271884999494 0
0 0 2.3997449834821616 2.567797471201721 2.9564654782645663 0
0 0 1.2672305691523453 4.334007931424811 2.018557510352976 0
0 0 0.17113727820867153 -0.39450319238442105 2.6761486987964758 0
0 0 0.3095413389678896 0.43059095619131993 2.692678883341587 0
0 0 -1.0492798619149153 3.09938001700577 2.9993202038432583 0
0 0 2.6821138108648164 4.249074567142217 1.1559695080375567 0
0 0 -1.539788748274429 0.8489477429813269 2.6261590976334026 0
0 0 -1.4860722829279975 0.3667543432235305 -0.26558911697030685 0
0 0 -2.0917730566669084 3.734507645326499 2.7590784158250905 0
0 0 -2.772788053176503 4.28699217024771 0.09193829595664187 0
0 0 0.3375513459264816 4.255125960284032 -0.18839603022004572 0
0 0 0.019999086045603853 0.614964550703546 -0.0821513541080846 0
0 0 1.264607498636913 2.0764632131467313 -0.178014266838885 0
0 0 1.974523691550763 3.5814919773667353 2.9628065638966805 0
0 0 -0.5899260883318704 3.576051971109022 -0.3355953481016183 0
0 0 0.6280222057487168 1.463233417116415 -0.14848250388529494 0
0 0 1.5228079730722879 2.114376828701664 2.984932879698107 0
0 0 2.7246510525670677 -0.07707542120910327 -0.29198627639264674 0
0 0 0.9395210740132569 1.0849316118374026 -0.019514143121072247 0
0 0 2.5892190911113264 -0.39335111382966526 2.382474172332536 0
0 0 -2.3951964510825885 4.201704563465067 2.48501433592442 0
0 0 0.5973292340447522 1.966355653453134 -0.06478298035541358 0
0 0 0.3289668379133075 1.3772153344750508 2.6387184195553917 0
0 0 1.1353358315784918 0.9795744182066856 -0.09455704206728299 0
0 0 2.625901605294395 4.104575877003974 1.9815901518283565 0
0 0 -0.3041576588192494 2.7086554866787163 2.797871225634464 0
0 0 2.3583786902639403 -0.1329955103517413 -0.3462088172952613 0
0 0 -0.7236167268192113 -0.10314331202469496 1.5312431793071986 0
0 0 2.07328490091618 4.345964651732543 0.20934004896251415 0
0 0 -0.41645174935724905 2.0550714565297947 -0.12962816342760575 0
0 0 2.8358434824369745 3.215216479200734 -0.35714541442035697 0
0 0 0.2563443963682266 -0.027896189581226194 2.7519973276350402 0
0 0 1.1798521738528578 3.4853447271850797 -0.16716356342899363 0
0 0 -1.3411278121881818 0.30349562684250286 2.864514901584187 0
0 0 2.1747045899547857 4.029231685735497 0.11612245552175991 0
0 0 2.5768203720643887 3.452191894860538 2.9723691272743205 0
0 0 -0.2324567198860361 3.526755936059478 -0.28536962037367125 0
0 0 1.1219487840995974 2.453769308456035 -0.3862962055549563 0
0 0 1.9817321766339004 0.1235661661706079 2.9564085867597028 0
0 0 -2.620926136300495 2.4845190712008773 -0.3771935310152363 0
0 0 -1.2318687661482346 -0.29763255209038464 2.556268194631305 0
0 0 1.7286526066950216 4.267410717164902 0.7945105255734631 0
0 0 -0.4571005266474355 4.186198782201126 0.5437103427464787 0
0 0 -1.319217547907195 -0.20386010212718444 2.72972994653418 0
0 0 2.524421430641519 -0.27750009876052195 2.772681955217074 0
0 0 1.0880421026055176 4.249466797346486 2.654117932369337 0
0 0 -0.5844745207617805 2.4275046291205173 2.9080448717650635 0
0 0 -0.8570487795015511 1.8380674184032988 2.981319205212521 0
0 0 2.4249547842892865 3.960071346273566 2.8253538519936994 0
0 0 -0.29265251401475734 3.019349623241229 -0.12332570125883019 0
0 0 1.0630068374600459 4.065078040244186 2.7905052591750477 0
0 0 1.2471343416696925 1.8452761874192332 2.9247725244450584 0
0 0 2.8444089918887814 1.060958968928226 -0.36210585217877694 0
0 0 1.0947534046514882 -0.38472880493457623 -0.31731392633409466 0
0 0 2.6448888176039054 0.17961921371349032 2.7812888854423754 0
0 0 2.9615133407060448 4.275439316938716 2.9516745137533995 0
0 0 -0.6213226755114754 3.2240743709745403 2.9606821233486174 0
0 0 3.0142844033269443 -0.3858491277721461 2.511517708564894 0
0 0 0.07273111874948412 -0.20686696714579184 -0.23421731199812001 0
0 0 -1.0677592517219372 0.863824016701218 -0.09955642313250895 0
0 0 1.2977601195624375 2.3099016884221544 2.983609027448439 0
0 0 3.1009307667455 3.536396308807695 -0.05494522114862749 0
0 0 2.9371255848105173 0.17169620640281813 2.8606497866780494 0
0 0 0.9048326864439531 4.144016475359436 0.7019393118106977 0
0 0 -0.987278236964864 2.937808238085072 2.7014337264249177 0
0 0 -0.433651858594974 0.9679169200246035 -0.28649411609535236 0
0 0 -0.38194776055429314 -0.11367651096691361 -0.07896034717458933 0
0 0 -0.4717541280351458 1.7222147994796226 -0.0008208436622284543 0
0 0 1.6604049979525026 4.389660384683851 0.010212922645411805 0
0 0 0.6301330658828204 0.5346351253035445 2.975549730369072 0
0 0 -1.4504753302794227 1.314073864602452 -0.20835672668464353 0
0 0 -1.560817966848209 1.2595417706559955 -0.3660692827795279 0
0 0 2.764142810612835 0.4475816797748151 -0.375257097947807 0
0 0 2.325437803029903 -0.05831612701866412 0.11414670584423901 0
0 0 -2.2650162498512105 -0.2810544759794752 -0.21643283802854155 0
0 0 -2.595218226743008 0.9827620771000355 2.759728980303305 0
0 0 -0.9992413546547239 3.5733047327268666 2.61478966304001 0
0 0 2.270138007953215 -0.3075497125512227 2.1128102015500345 0
0 0 -2.3102274290719307 4.2721709843372455 1.769450003381677 0
0 0 -2.3882392738191234 4.255880468844204 2.1602903595326968 0
0 0 2.929558406785217 2.737925109114229 -0.3799611139596466 0
0 0 0.613756768483583 -0.32491810607656185 1.3028127658847215 0
0 0 -1.1514837631788812 -0.29456229206643086 0.15106043305659364 0
0 0 1.8295185151904132 -0.24301409361958562 1.3143747790076836 0
0 0 -2.8919204508509933 1.5375021726477436 2.605391846097477 0
0 0 0.32057546860508523 4.292121335730456 1.3639784437505997 0
0 0 -1.230613437186317 4.037810174041419 0.6966675437874543 0
0 0 -2.9142282780067617 3.6277025018535114 2.6691893772106243 0
0 0 0.8623144265732305 2.4256920662819828 2.768266734305641 0
0 0 0.19958793932179875 0.611171004245115 2.725110370590733 0
0 0 1.8415210642207 -0.17906391871585148 -0.1960135774305247 0
0 0 -2.6597779483996433 4.266506301521664 1.350795862132654 0
0 0 0.5952210982648132 -0.21252300077796757 2.6021861048068518 0
0 0 3.043521067251568 3.761533147070526 -0.18611968420408062 0
0 0 2.3658042851999364 1.7733100498103136 -0.1046736020197242 0
0 0 2.9193356677563305 0.7287137239942955 2.822726434653396 0
0 0 -0.16228487633402677 1.235982502717044 2.896486758414541 0
0 0 1.1599142933088737 -0.3284738787260162 -0.3123305121342572 0
0 0 1.6582958736081608 4.165925705545404 1.3174778081705447 0
0 0 0.4193313971752639 4.3495118233165995 2.7027781742582664 0
0 0 -2.331511757784207 -0.2920440998498468 1.9380680423462424 0
0 0 0.16141372996449288 4.125193656393111 0.029989917009044808 0
0 0 1.9394353258130952 2.765998012207073 -0.08420809953682712 0
0 0 2.0667791956531696 -0.3048218343941764 0.7990601973716067 0
0 0 0.41277026374254566 0.5547293717155278 -0.1811151346637158 0
0 0 -2.4087960896786482 3.0418529309236852 -0.14819056584870455 0
0 0 0.07773595301558656 -0.15426572618341666 2.303517713912546 0
0 0 0.09416229925486563 -0.3055852398283074 1.0096424521944394 0
0 0 1.6774991069951017 -0.1984499428648419 0.8280844708595938 0
0 0 -1.9437362221056755 4.002411581090113 1.9427350647513697 0
0 0 3.0709554309553946 2.3679711188078634 2.7369767923949535 0
0 0 -2.64034379474995 -0.15493666495343167 0.11026508903725567 0
0 0 1.7959765807378556 -0.17328551542396253 0.27307190956729943 0
0 0 2.8010824705092796 2.692530599840185 2.824189717461775 0
0 0 0.8516498991535029 2.0146431178297637 -0.18386725057863496 0
0 0 -3.0959394919853462 2.5301525186560534 -0.16451799991862115 0
0 0 0.078146473878562 4.354845480283773 1.6886976308474873 0
0 0 0.9128634686807207 -0.3972372460600484 0.5283072220395785 0
0 0 2.6423290076890167 -0.03687358929141493 0.29099187047042274 0
0 0 2.891171262816716 3.7031778411019283 2.8739911249890495 0
0 0 -2.1346454314614736 4.3264720801233505 1.777097866794682 0
0 0 -0.7523668983331895 1.1345036882827633 2.842015447296597 0
0 0 -2.325138247771623 3.394431382096323 -0.359623365982868 0
0 0 0.8984531691427993 -0.12762302630576627 0.8140766621801209 0
0 0 -2.837822229695704 4.181650206101744 1.385377079011649 0
0 0 1.6256593683243992 1.9328239640876492 2.9891052788645633 0
0 0 2.1075785911751366 -0.36045553642108574 1.145548864497873 0
0 0 2.078914440149127 4.2280940054519345 -0.008227560968930292 0
0 0 -0.7193937638516972 4.353594374233333 0.447181129827331 0
0 0 -2.9090082038782037 1.386921166083011 2.913962179609808 0
0 0 -1.106390102432 4.371948360951086 0.8380110069056983 0
0 0 1.0953680289881609 4.199441052967957 1.5923330841437038 0
0 0 2.1186992950568264 4.150170597144162 1.3859879436432245 0
0 0 1.6408419865414494 -0.008035668200079893 -0.08025019001597833 0
0 0 0.8815837763496814 0.7852104988880556 2.7240745047847166 0
0 0 1.1502516911623744 3.343271546453621 -0.011051803974859054 0
0 0 -1.7222154296872956 4.098762431844773 0.8277774594184294 0
0 0 -1.8140860552074223 4.298038884232832 0.03131959915544937 0
0 0 -1.0900019408657928 -0.17937725921414882 -0.10354636557311586 0
0 0 -1.1138977033777446 2.2029364341186017 -0.31814340396184676 0
0 0 2.7474365235387808 -0.05967598348301484 1.4739469277316994 0
0 0 1.9103130860842983 3.445890959153955 -0.22546610114614515 0
0 0 1.4595804312229523 0.16039526376599034 -0.07896823430529837 0
0 0 1.7139598983489552 4.284459003697255 1.2934130811379982 0
0 0 -2.3335185356005304 4.313943369917446 1.7252564020494823 0
0 0 -2.8599012812342326 3.2614600758246484 -0.06722577931449358 0
0 0 -2.0285013452317675 3.579541751245125 2.9677117034512306 0
0 0 -2.9400090348142314 -0.08274896156472072 2.335747490984915 0
0 0 -2.442407761012951 2.6091717001148544 -0.28426234525889 0
0 0 -2.997500070575584 2.8739182106669787 2.740089721388979 0
0 0 -2.847314374747877 4.306111070600755 1.9509772441021096 0
0 0 -1.28666630489785 1.2076229537370464 2.613473362431102 0
0 0 2.7416945677638243 4.361285322954682 0.5156172638758169 0
0 0 -1.6748130825441214 3.0393840299889594 -0.07519068825697789 0
0 0 1.6671753107485072 3.4857158129647527 -0.2067293659362684 0
0 0 0.4124971042527177 3.0380783853576254 2.889335598753646 0
0 0 -0.15924299471938053 4.331589821601236 1.2219738276833683 0
0 0 -2.9554352735886935 -0.26113906187545544 0.4304276965380084 0
0 0 -1.0820787543976316 -0.2248562659588794 -0.3271260776442686 0
0 0 2.7177688335834134 1.5647555394387767 2.83797358642873 0
0 0 -2.9740079215761903 4.240180692216768 1.8835614221505899 0
0 0 -2.73853363225662 2.4520257152110196 2.744537389980547 0
0 0 1.5336239649402055 4.342489903772912 1.7087883647852053 0
0 0 -1.2989820185694327 -0.04912439306566535 1.6976384174283987 0
0 0 -0.779410068844336 1.6425397401901844 2.8738254619026518 0
0 0 -1.9940164498307926 3.268440303501599 2.8297276744667235 0
0 0 -2.967888366416134 0.05812423996426869 2.9014291786679314 0
0 0 0.11904693623123963 -0.021926750590374466 2.418502267919905 0
0 0 -0.28886821324526313 4.148416573116551 1.923757187443228 0
0 0 0.9918761917705563 1.749714486837806 2.671655354670907 0
0 0 2.537098447815417 0.9915143254709379 2.720922116538144 0
0 0 1.2297342011008618 3.28835382908245 2.996531919966751 0
0 0 0.49166755613023394 -0.006237668313295142 2.6978302703507735 0
0 0 -0.9558888258064222 1.2689924369690826 2.814568700279198 0
0 0 -0.9740497713605349 0.5697788863390776 -0.16699472173197127 0
0 0 -1.4477913589954041 -0.39231664565538865 2.8316308916089525 0
0 0 1.5508581701689534 -0.21707754797718187 0.12544919947944652 0
0 0 2.837137267964354 2.6477688257573377 -0.07160921486230026 0
0 0 1.7999496810062228 0.60699327901114 2.8205315013838614 0
0 0 0.6089133837904739 3.6335037733671602 2.6326763932999695 0
0 0 0.02297660651884259 2.203074486565826 -0.09683235415902341 0
0 0 -0.803024442991719 4.116460109096469 2.2304977466564977 0
0 0 -0.2388851896735522 1.794755850507562 2.9667257839069934 0
0 0 -0.9704576915855521 1.9317902123124315 -0.22514348442112012 0
0 0 -0.7463751946194064 0.07247427969466363 2.80988017138987 0
0 0 -2.063037374420021 1.4548535245125964 2.615189959039465 0
0 0 0.4042821213452439 4.396956347981774 0.1369484018076302 0
0 0 1.1004896808522755 -0.3433229856706491 1.4158272546363364 0
0 0 2.4074123060205226 2.3919635179872403 2.7289381180104937 0
0 0 1.8783455862494574 0.34134382516495054 2.6051161535714713 0
0 0 -2.2424859777588892 2.788767102595192 2.741983115172439 0
0 0 0.2042012457502369 -0.16715344743790306 0.7206946188276776 0
0 0 0.17134976975462557 -0.046821131561123275 -0.25201700204484073 0
0 0 -0.6745401669086677 0.24291629284213068 2.92256126380371 0
0 0 0.5436019197696682 0.6459930612543553 2.812701066097624 0
0 0 2.9744411575923655 -0.03284815764606336 -0.13969536520548503 0
0 0 -2.038136511175759 0.4044141514730659 -0.26098314467951345 0
0 0 -0.4961158284691525 0.6830073368027881 2.9128640732634836 0
0 0 -1.1344353056031347 4.112178263752506 1.2780640290254919 0
0 0 1.8222688200958679 3.527714803647048 2.7928573016983886 0
0 0 2.418085872439679 4.331674586645131 0.7668061477879063 0
0 0 2.3582294212813197 0.386180033150178 -0.23607170154719792 0
0 0 -1.0490073631524983 -0.2307689903556591 0.8523133790720442 0
0 0 0.6500656937212237 4.127099549377989 1.117901716720079 0
0 0 -1.7675742688392682 3.9429980049232385 2.8938093021579863 0
0 0 -1.2270438750070318 4.253208576666041 2.149727968526065 0
0 0 0.035567601102604485 2.415388824402425 2.6972963496604043 0
0 0 -1.7022030529320995 -0.30088788028205155 0.2747941452492636 0
0 0 0.8531177607760947 0.29936722487949496 -0.27598311349770976 0
0 0 2.3985515341922516 4.065936899132039 0.4576864241544978 0
0 0 0.5718811607218877 3.364384015835538 2.9930600463270114 0
0 0 -2.639417686561397 4.188481842948301 1.6702980520257131 0
0 0 1.4911183232696885 4.249851605299234 -0.037356506728801864 0
0 0 -1.9125014073594615 3.0555017734784413 2.8445305371169423 0
0 0 -0.6259675705169943 2.72765282529505 -0.3076486872890825 0
0 0 -0.9029904628266632 2.379674207978538 2.696665074329594 0
0 0 -1.451531641437937 3.78550981380681 2.929319033589846 0
0 0 2.8994081554913853 4.39175520322844 1.2597796233811627 0
0 0 -2.7656299083265745 3.599003718476522 2.72555322129277 0
0 0 -2.8056465508148314 -0.3882675431963432 2.1772250122289827 0
0 0 -0.24654856067823872 4.387982140332247 0.844380833251105 0
0 0 2.355706835775978 -0.019437547187051818 -0.0411631643487943 0
0 0 -0.6397353465622344 -0.10334912118682582 0.058919691817322616 0
0 0 -0.7629354271930611 4.112983221449493 0.9432836416125204 0
0 0 -2.527842127080695 4.082984548709477 0.9089914032844734 0
0 0 1.302490715005498 4.361830327607565 1.201790824038438 0
0 0 -2.498980205808092 4.022018782925065 0.054522639154898835 0
0 0 0.6876543105173312 2.939510988172249 -0.27633728972422067 0
0 0 -1.069200225755921 2.7816615826445568 -0.26973260272968635 0
0 0 1.671098460983118 0.16292442025088494 -0.33129966986507253 0
0 0 -2.124823256442314 -0.0556619844011777 2.6304690070666186 0
0 0 0.06750560524884008 -0.22362981843779656 1.4471674588232617 0
0 0 0.19722987964337602 3.2842406593913718 -0.1509152719113708 0
0 0 -1.7658970319657596 4.01589738385358 -0.36925514574068324 0
0 0 2.873427106606112 3.588078202195018 -0.3720208425752346 0
0 0 -2.0967714131838004 4.159751487668442 1.901981319652451 0
0 0 0.5987932810976528 -0.28991136539862217 0.8858620642348222 0
0 0 1.2763528397010662 4.34790015879614 1.7709960979024852 0
0 0 -0.8294477321872136 0.8531579905108212 -0.024245920987348346 0
0 0 -0.8558704231618521 2.298075141420049 -0.22332583097765846 0
0 0 -0.9871003849252507 1.154205597687337 -0.24620209258042128 0
0 0 2.7347455535697875 4.3954204823024074 0.22357388124764008 0
0 0 0.41632974635261455 3.0103508379910973 2.8623022067341335 0
0 0 -0.7699161507780485 -0.2007479473745044 0.7466826444530832 0
0 0 -1.1998881601294236 2.942548715606667 -0.06565907385202019 0
0 0 -1.3788806127660997 3.882911013557069 2.610313319984299 0
0 0 2.620639986781418 0.16748923437791796 2.9318100651699472 0
0 0 -2.5906131606927696 -0.13153757963394025 2.9786985040394844 0
0 0 2.002421876757503 3.7688879513386557 -0.303541457559693 0
0 0 1.2738961282601897 2.9238217689856256 2.9920572925385183 0
0 0 2.2125138066463803 4.269109747642378 1.4720546753031643 0
0 0 1.0246096595189336 -0.27022987044144475 2.175938073574952 0
0 0 -0.41956970010837713 1.8322649605316887 -0.2595969917019807 0
0 0 2.8974527053516237 1.13234894996449 2.804121018727845 0
0 0 -1.9870330041705682 4.169641183341242 -0.38152746648322206 0
0 0 -2.87355029804634 0.9469101335752051 -0.20120383793382143 0
0 0 -1.5448519304293058 4.059062255545406 0.8768587453002309 0
0 0 -1.942107485544567 1.7327921006482412 2.734557735299749 0
0 0 2.7106260272737686 -0.3501959094024636 0.4842608936112542 0
0 0 -0.5756748359657378 4.002378071614524 1.7646175797744645 0
0 0 -1.6793588493783609 2.9361072097137173 2.9124284525939585 0
0 0 -0.5527056003327973 4.321446131575001 -0.06817938036361915 0
0 0 -2.445736069389638 4.292830019173151 0.7972412308322435 0
0 0 0.4297393290214284 0.5411938437950988 2.751457517051263 0
0 0 -0.768428079625151 2.90684393655134 -0.07914854183654635 0
0 0 1.738482897069427 1.1899493032821065 2.9807815065156547 0
0 0 -2.789896293328693 4.231026465278314 2.738328786912657 0
0 0 -1.3713544683720384 -0.09124825318277313 2.1053506148518544 0
0 0 2.8045491272686522 3.7960243268272893 2.6446949298140203 0
0 0 3.0512811583392567 3.419828383310963 2.6879789451466545 0
0 0 0.5230588500504219 3.62683841263097 -0.02427067127361371 0
0 0 -0.6553481754613637 -0.13882534690695753 1.314020571466119 0
0 0 0.06414719405567926 1.123418889436092 -0.05953613349445308 0
0 0 -1.807837499189111 0.17483534179861582 -0.20180149550561965 0
0 0 -2.1338981038797 -0.2477762753839869 2.9693112516216593 0
0 0 2.9814479992790144 3.8165451083518422 -0.015192660533596691 0
0 0 0.474573276777964 -0.3237755192587297 -0.1288743203754112 0
0 0 -1.766393512930076 -0.3018441876288742 0.49943959656304265 0
0 0 0.6244746716899479 3.9188358284460905 -0.1834308638756683 0
0 0 2.3805461920358475 0.8999943268674478 -0.1118173254411658 0
0 0 1.0409582201642316 4.063733737580509 1.052315858792777 0
0 0 0.4257155292679631 2.563687508132948 -0.30384799556014574 0
0 0 1.0759637669077815 4.028505767557326 0.8392408337850429 0
0 0 -2.928617747241756 2.6704328473713197 2.8170286786294714 0
0 0 2.759630721827744 3.054063621725491 2.9610810500662876 0
0 0 -2.1370907993266215 -0.23754465331386185 1.685638412083897 0
0 0 -0.02696373395543894 0.8845666859037106 2.636742270589954 0
0 0 0.7296271313001612 4.103416590862155 -0.323237084137884 0
0 0 3.05184199255945 2.466855096726851 -0.11013426360677497 0
0 0 2.0157272029663966 -0.14474431146418937 -0.21167520495171607 0
0 0 -1.8688584758103663 4.001847262331069 2.273370828983777 0
0 0 -1.9067679113826344 1.861819479181087 2.979854881854533 0
0 0 0.611087257887021 0.5210064137445378 2.6390322994617312 0
0 0 -1.0670223228682758 2.588125278316474 2.99989896136357 0
0 0 -1.6213243828460353 3.093027981792704 2.6335275026234 0
0 0 1.955410046528705 4.288969722799323 1.013869993054984 0
0 0 -0.8556212269185859 4.2208844816861895 0.20451424917586486 0
0 0 2.0692522437837715 -0.1441244650021235 2.2485890468194296 0
0 0 2.7091084557977476 1.8513709636531868 2.791977509325848 0
0 0 2.285637549052132 -0.14282118190642895 -0.2602942186223398 0
0 0 -1.8772935767870753 -0.366668343405399 1.4004123703706337 0
0 0 1.1447206405518537 -0.17799346968448476 1.1645922366920682 0
0 0 -1.980523352924962 3.0977594725672213 -0.15206834976103992 0
0 0 2.1364393038664744 -0.052923999573702474 1.3846159407706804 0
0 0 0.02026768575936666 1.2188106510853745 -0.35242148277359836 0
0 0 -2.9474109711996284 1.4316907178570681 -0.2968726723941525 0
0 0 -1.9226391826870897 4.147806589978146 1.3560376704544561 0
0 0 2.023546211530417 -0.16802274906147222 0.08346755614329789 0
0 0 -2.8874741168578986 2.8505544227127744 -0.23154139750652997 0
0 0 -2.8321402992823637 -0.35843643752676774 1.6882402883759349 0
0 0 2.864043481183824 -0.2909553090057726 2.271344033694258 0
0 0 -1.3530758528584925 -0.20956219787859637 2.991292830734745 0
0 0 2.3190384461886966 1.427245975126492 -0.020763548637780127 0
0 0 2.3218439052405504 2.25312663082714 2.7718486953974826 0
0 0 2.021222021529626 3.837386790401475 2.8553783276529936 0
0 0 0.6207409320447881 2.30507271794493 -0.2855914530753614 0
0 0 0.5479452566479925 3.5479599999969933 2.893037444037743 0
0 0 1.9069389935591303 3.505352702910998 -0.35632005802539224 0
0 0 2.4739094995690243 2.3770408312171614 -0.26548138510434904 0
0 0 2.299752472840648 3.1169491950557564 -0.059299035204178396 0
0 0 -1.1492907695030647 -0.09961946168667962 0.3058545893708945 0
0 0 1.2716265739336947 4.054670291613222 0.33229110906178716 0
0 0 -2.8013728648040837 2.041843311429084 -0.1787797039049734 0
0 0 -2.1962490993169554 0.2861243399507176 -0.1990782327421473 0
0 0 -1.303041519590353 -0.3040938447084841 2.622093921495537 0
0 0 -2.3690176145869635 3.3564358161428003 -0.006024898707228554 0
0 0 -1.3053319637257372 -0.22553954432973772 2.4805977534875883 0
0 0 1.7023097820954343 0.8623072358991403 2.9093602879855487 0
0 0 2.9369293374350756 1.7149142453956205 2.7662932886129012 0
0 0 1.1200644378437659 4.149408220862434 2.6125874362786017 0
0 0 0.1273908256911258 -0.3069581905852612 0.9179393760154727 0
0 0 0.00518434531514167 -0.13782904762833448 -0.199056633500017 0
0 0 -2.0833309363782755 1.6873542939255546 2.933161498981545 0
0 0 1.0900310121110586 2.914410203368001 -0.24438119318775656 0
0 0 2.0991653288654035 4.059180977143094 1.170643280560921 0
0 0 -0.6913574059867393 4.171524390297686 2.4251056420937207 0
0 0 2.896945207727966 3.143693040415297 2.745578439738242 0
0 0 2.2887316813643297 -0.11786312250031111 0.08560824179513818 0
0 0 -2.790505539066944 3.6929121043193063 2.9325351083646582 0
0 0 2.34124069931997 3.2548650494252493 2.675692790925318 0
0 0 -2.6929308552076674 -0.2744035308090259 2.426143105152548 0
0 0 2.6001583339342194 2.110333821273465 -0.002233719386225408 0
0 0 -2.924789505592861 4.181797868622502 2.752220341412501 0
0 0 -0.458461268141098 -0.14145039988357438 2.4401832296875154 0
0 0 -1.5750975834596836 -0.22559867585489748 0.23243331775821574 0
0 0 -2.1315949558930445 -0.23419286983273044 1.5474205791306357 0
0 0 1.1702866146120865 4.205363123879903 1.4817434466827544 0
0 0 1.6917199128606608 0.6251900008385839 -0.2413548290107011 0
0 0 1.5751667792023794 4.011802680667762 0.06696653343482588 0
0 0 0.6297410448325889 4.314421979380769 0.7053485087578844 0
0 0 0.7811318139316414 2.437031801528294 -0.16753964607330493 0
0 0 -2.5169651161286843 2.8054348391262582 2.7762058695030607 0
0 0 -0.7364349699103991 4.238230758173961 1.7504717759456057 0
0 0 0.39907731472216 0.4779038482107504 -0.30106255056394615 0
0 0 -1.0509576303974164 -0.15029224496964108 0.06345596093249471 0
0 0 -1.5801515460662106 -0.3366338592029484 2.644948424196765 0
0 0 1.4728221183666292 -0.17051473567881784 0.09614954135656939 0
0 0 2.6885382416131867 4.395035675290777 2.958175038055117 0
0 0 -0.14990039041991698 3.875306797593819 -0.23597686143996843 0
0 0 -1.6119767010180401 3.587112535542177 -0.24626489928089523 0
0 0 0.3777203854940172 2.322481242740337 -0.006441654209434378 0
0 0 -0.45498795087731425 0.057556341047639736 2.64570997703406 0
0 0 2.669273459819631 2.997135272040015 2.740826540281991 0
0 0 -1.619525159224481 3.148360342282472 -0.17150738220634648 0
0 0 -2.5781239162806573 4.036601547712863 0.4899227253456478 0
0 0 -1.2855162729255614 3.3905844117106545 -0.30478353510941414 0
0 0 0.8170318629253996 -0.27271854649673144 0.3189304173495352 0
0 0 -1.3913608158752298 4.178562148343335 0.25184891790135117 0
0 0 -0.5202200326741631 -0.18931340202592675 2.315089509727555 0
0 0 -0.529743335577209 -0.19807438193758845 1.1199446401710296 0
0 0 2.350907360254454 2.6856366849565267 -0.08641315440296116 0
0 0 -2.598418054084185 -0.024610485053308262 2.821507144142384 0
0 0 -1.0193574917361254 -0.13972501650197772 1.6107180460432904 0
0 0 1.931151894449055 1.8308915214910528 2.8278571299191397 0
0 0 2.930973352548638 0.13441865056167834 2.9446649070557376 0
0 0 -1.3769193144437402 -0.15737204224682097 0.8187006144711009 0
0 0 -0.2183709071492066 -0.3475469466277854 1.3483508092541678 0
0 0 2.7046122779733386 -0.044989172702838975 2.4524462375366682 0
0 0 0.02631901911965162 4.38027215864395 1.3754621504245421 0
0 0 -2.2541702230427196 0.1611814874112938 -0.0963737089235982 0
0 0 -0.7170591619460489 4.133438175991999 2.288373120197022 0
0 0 -2.3873648195192674 -0.03792587353047999 2.3149030814599527 0
0 0 -0.007631263035670965 -0.3013202603791209 0.922544863424622 0
0 0 -1.285179687995418 3.0312824132228697 2.8814462911509495 0
0 0 1.8731607387515448 4.007067823432154 0.3245832279084913 0
0 0 0.13268972653870081 4.193626323331347 0.20359321138434236 0
0 0 3.064984340930062 1.0997677115616193 2.8483449310684623 0
0 0 -2.782426047471417 2.7257020121419595 2.9606203609027695 0
0 0 1.7194866630278778 2.2922816241592368 -0.3947086472129217 0
0 0 -0.7141221981759012 0.46798280490574584 2.631130933685901 0
0 0 2.707014131580798 4.013630925001753 -0.24309625455684356 0
0 0 -2.5753076792424205 1.9432363036206581 -0.12135093448638107 0
0 0 0.19910250675468033 -0.24651509315543182 1.7455949048922406 0
0 0 1.1525771611274793 4.259050513960507 -0.2555101070993316 0
0 0 0.5422305727484726 4.160092513939294 0.5503805400230655 0
0 0 -2.4183652314262782 4.31043355086048 -0.21568438558126482 0
0 0 1.99180723653763 4.058823919520714 -0.009338747921027735 0
0 0 2.223901982207181 2.3092773704153293 2.8460973902455953 0
0 0 0.6474552977264021 -0.19450248052301702 2.047901324621395 0
0 0 -0.8477913521758027 3.354659524986632 2.8965132628591705 0
0 0 -1.9763856308922483 2.537201977567052 -0.29127429708999114 0
0 0 -2.649723061208756 4.12192345992071 0.4628242367192634 0
0 0 2.8310233127716646 1.4901461115748371 -0.043760174540550256 0
0 0 2.13363473781427 4.144648631247438 1.3268396566340654 0
0 0 -2.0655478487899925 -0.07466500764858641 1.9432882559063347 0
0 0 -0.6028407880719726 4.166590475677498 -0.3122668421351247 0
0 0 1.6090144061808243 4.07285044160418 1.5598541627271858 0
0 0 -0.19334534157352312 4.2963346402853215 1.9514775162297098 0
0 0 -0.31864268441179755 4.013604350711356 1.777869457024018 0
0 0 -2.894933663315816 0.826388227669027 2.8505991697860633 0
0 0 2.49434583798934 3.375846955507084 -0.3777823332783927 0
0 0 -2.9317066087807215 2.781904232758958 -0.0919811559180525 0
0 0 3.1310147794393925 0.6664280867271296 2.864843226119208 0
0 0 -0.6099397912975069 2.5990134622081364 -0.03331928611648688 0
0 0 0.8998996356916225 0.32703772567910727 -0.04230216753433619 0
0 0 1.5383151601275848 -0.3681124592318121 2.790282293427105 0
0 0 -0.5121208068385754 0.30633950433964585 -0.21348571978016154 0
0 0 2.2915551910633356 1.0228963354032414 -0.3925735884008999 0
0 0 -1.4866432443465105 2.9801577856652757 2.6687475977125024 0
0 0 -2.6992793927038345 -0.1382113156700303 0.01407660839907945 0
0 0 0.18820626356749726 1.0962994863591744 2.7770848972995785 0
0 0 -2.0032332414486294 0.34218920837729483 2.9290264440595597 0
0 0 1.8924662521075497 1.8159019796143934 2.7385814462909357 0
0 0 -1.8276963310004335 1.1112522341723348 2.823173331907773 0
0 0 2.1133089662220197 3.5807706808809825 -0.13233125128104345 0
0 0 0.8431321644313878 -0.12891950572724792 -0.2908039050664324 0
0 0 -1.7526935167602884 -0.06875984844931726 2.497090607716394 0
0 0 0.911788589520822 3.6713917250540606 2.90444495593612 0
0 0 -1.575370106331507 -0.2059298693217503 -0.17254491061503213 0
0 0 -1.5943000287215778 -0.371010968480759 2.5126805665566594 0
0 0 0.6320260527459403 3.00305510192744 -0.22598711352181594 0
0 0 -2.1147741980550716 0.6326597475618684 2.6824933379806977 0
0 0 2.244103872248079 -0.2745670863625512 1.4333979243657569 0
0 0 -2.0253254906411895 -0.2260896065869128 1.8619853112289722 0
0 0 -0.6507893813566756 -0.2621189858032156 1.6739491638878523 0
0 0 -2.0119767821231407 -0.3222196487105249 1.9816285061450445 0
0 0 -2.0127132412996387 -0.13050173067692494 2.961165594056757 0
0 0 -2.2020825123810788 -0.2147967896561096 1.2587061861514997 0
0 0 2.5191996050499013 2.0777651644053647 2.721326291884338 0
0 0 1.975553023273795 -0.33837198729740764 -0.32791798956606316 0
0 0 0.8193301547854199 -0.22422553493965888 0.9433486125370723 0
0 0 1.5977458931693365 0.22738921316378802 2.636186666329543 0
0 0 2.6571036237078385 1.2187481678878105 -0.3659688993361531 0
0 0 -2.406653247886145 4.181011419670889 0.707390487541716 0
0 0 -0.7618917617495105 -0.0002782947202897845 0.4562961642810493 0
0 0 0.7335686754535979 2.928952701644195 -0.3748384440238193 0
0 0 -2.1734869587994474 1.7468876438924754 -0.31108959864339236 0
0 0 1.4046863751180334 -0.28986178442023613 0.7537176349804158 0
0 0 2.634904167001965 4.370415135565854 0.48032761546556657 0
0 0 0.615359322365824 1.7115298501368716 2.8388689528309836 0
0 0 1.7546484058275045 -0.22109691643973745 2.502171823640431 0
0 0 -0.950440326439268 4.201707144271025 1.8430715114906293 0
0 0 2.5419041290694144 1.265609059108284 -0.3147048987275909 0
0 0 -1.0173863293802343 1.995277370524533 2.9625806618093864 0
0 0 0.23588549110133217 1.6036966904061059 2.9338498805404676 0
0 0 -1.16339941581909 3.694076251813057 2.6889893184932325 0
0 0 -2.3950965265588957 -0.307189363590826 2.0729753790419663 0
0 0 1.070896896630133 0.6010461322620103 2.7610464353263673 0
0 0 -0.6948967447160914 4.006013647559248 -0.3977155146447594 0
0 0 -0.9698235915971973 2.6468520710851036 2.830972528410285 0
0 0 -1.9903659499224706 4.106303460261482 2.131826974083817 0
0 0 1.60841977287465 0.6895918252161023 2.614528214043715 0
0 0 1.8486564960442209 -0.36862289466165027 2.623469407683541 0
0 0 2.207750379361853 0.6234259535339689 -0.2382827250548541 0
0 0 0.033237177526243666 4.267175972166669 0.8619840835579788 0
0 0 0.8737471145029607 -0.3827941135647843 1.355686381852258 0
0 0 0.0007638869793678005 4.288304528046135 2.717420995973886 0
0 0 -3.0533854231964757 1.2104478600977755 2.890651370721703 0
0 0 0.7536942011985728 2.7454520603882413 2.884021280698433 0
0 0 -0.9229403860129475 1.0342889904528123 -0.20998342497975164 0
0 0 -0.17588809853677123 3.4979332400322756 2.8958123533745757 0
0 0 -1.449521646660857 4.047925319220528 0.2558399302139082 0
0 0 2.627920965006572 3.097589295746213 2.9516214189422163 0
0 0 -1.1129446298609538 4.176825892276308 1.5003484049978395 0
0 0 1.038732956487621 -0.34008954906846045 -0.05563999693783628 0
0 0 0.7437408367438549 3.7831611011949167 2.977875059698405 0
0 0 -1.2406304883841497 3.372403068561198 2.7903513252522907 0
0 0 1.3124056578290864 -0.1544674497990542 2.3638813668551015 0
0 0 2.1213699892432274 1.5211810664198917 -0.2914824438482235 0
0 0 2.8862996220032073 1.2086831808591754 2.846874363371166 0
0 0 -0.15114670298517785 -0.01737530352937655 0.5711040058806276 0
0 0 -1.5361900134238209 -0.2521535678416036 1.9968200781194463 0
0 0 -1.0814452582857879 1.6485883544307165 2.676317051519885 0
0 0 -2.300340868786183 4.178582109772945 1.9065531408419054 0
0 0 1.201772168738957 2.8658799050171204 -0.10898886036139444 0
0 0 2.069216254072124 -0.2345575569837548 -0.3665508707614155 0
0 0 -0.7478942198394685 2.0192089116386303 -0.1717200666817941 0
0 0 -0.9778724158736956 4.157600518100933 1.4932065833431825 0
0 0 0.8853141516928229 4.272514280793928 1.9947040477435474 0
0 0 -2.1447931300715863 1.4687310532483848 2.91395913731931 0
0 0 -2.846828768816569 0.18905187648140542 2.869978969589944 0
0 0 -0.19716846792794662 4.083365398929201 1.9153250681689626 0
0 0 1.8801013333787342 3.543999700359673 -0.13973037479939504 0
0 0 -0.8378368559045422 -0.026984562777173537 0.6907003176181118 0
0 0 0.026378135562015625 2.9837989194020844 -0.14414848745481912 0
0 0 -0.5320600059713105 2.365170513278124 2.736676145840576 0
0 0 -0.7790533205706156 -0.047848368669995645 2.3176398719259748 0
0 0 0.5658270263697465 2.3234150669007194 -0.07932589680631613 0
0 0 -0.8151426887850408 0.7651712349119767 -0.30285874486126096 0
0 0 0.1518287587140601 -0.04300124830082869 1.282492264106969 0
0 0 2.326846819190499 4.08835372712453 0.5434304069902283 0
0 0 -0.34231604838987684 -0.057980031419972655 0.8883309694409955 0
0 0 -0.2859603476052164 2.63469003462215 2.713133611812669 0
0 0 2.6988427402886446 2.635671894136414 -0.006550432971042186 0
0 0 3.035485133940038 -0.3773319850663083 2.428008019195762 0
0 0 1.4874629941425894 3.903403130085254 2.6252865813147443 0
0 0 2.90860949880547 -0.03781421855491801 0.1270517579555783 0
0 0 2.0921107710173565 0.7549545954666584 -0.18069213608966367 0
0 0 1.6035148053750437 2.410964078681962 2.9382977110506516 0
0 0 -1.9754593407938281 -0.14096358479071897 2.7468252782191884 0
0 0 1.2141912421613972 4.3054436271737035 2.7774516886121243 0
0 0 -2.4133006266403934 1.192552765736961 2.7084573428736807 0
0 0 1.8973270514068066 1.9284596502268836 -0.31101213137051503 0
0 0 2.9263091029832724 3.7475140963252547 -0.3409914148730925 0
0 0 1.0912754926333479 4.186523191908944 2.2153370600225726 0
0 0 1.8328526850097973 -0.3919502007562823 -0.24955395065707997 0
0 0 -2.4290013407108804 4.228918265094597 2.479256687205765 0
0 0 2.6081223172262096 3.6599240386801433 2.965438963588434 0
0 0 -1.6098627748227488 -0.1854698062531889 1.286782456713788 0
0 0 0.8700869343301036 2.683213133671396 2.8752697193088563 0
0 0 3.121625668202344 3.161595107215899 2.856639253690331 0
0 0 0.20711946249105218 1.4641363567024244 -0.16939797627812095 0
0 0 -0.15517590851482144 -0.10910405492687542 1.5399013124443293 0
0 0 -2.0475349806224825 3.9645231842832023 2.7081546466574387 0
0 0 -1.758581118521801 0.30536627303962716 2.841586600996408 0
0 0 -1.8114412360839947 4.053399880135105 1.412260495791051 0
0 0 -2.231568018640071 2.7661429872839345 2.977597803684425 0
0 0 -3.028270786446513 1.3549837971722059 -0.14338475577037946 0
0 0 -0.37565161221531573 3.0285444595172772 2.7978904531144972 0
0 0 0.2244617122817827 0.010816990000738658 -0.031103579523490243 0
0 0 1.7640395950730365 -0.037796976055823384 1.066130466806981 0
0 0 -2.340191115100874 3.936764989501961 2.768411912792951 0
0 0 2.0656387235853453 1.4695755582426666 -0.30039768764987457 0
0 0 0.13333752133483356 3.7259058843756576 -0.341144787279515 0
0 0 -1.9254608405332119 -0.2829035625697706 2.20475860455073 0
0 0 2.508113474052342 -0.26542886382552733 1.8651702879082506 0
0 0 0.12819083389364483 3.1100156764903852 -0.3848699122651036 0
0 0 1.3143910474937117 1.5720597106973209 -0.003476244483786195 0
0 0 -1.2310217965247325 4.296387826967442 2.435903289829868 0
0 0 1.634678632340406 4.296244368629941 0.5714970840410214 0
0 0 2.407932940662569 -0.11352585324594483 1.6758853371486342 0
0 0 2.167364855727633 2.003391091014381 -0.3834126034206146 0
0 0 -1.5359166162864992 -0.36708171510347415 2.2616236810956445 0
0 0 3.002044508088206 -0.27401207445815634 1.8953927125036503 0
0 0 0.4013420036836388 4.378681408914524 1.9079597410200766 0
0 0 0.3111437994638626 2.6065653875094585 -0.033115252183587796 0
0 0 -0.510655979768504 2.6561607074925937 -0.089330967336467 0
0 0 -0.9789271952747369 3.549491934704883 2.685187709612036 0
0 0 0.41735225397526543 -0.30519373948530804 -0.07691171945911052 0
0 0 -0.20259379797688348 2.952013331875666 -0.251582611066439 0
0 0 -2.9931621633208523 4.005698935290441 2.6451075351783246 0
0 0 0.46652158950416345 4.367665858071527 1.3264764258033634 0
0 0 -0.5805280448897667 -0.2877733280136958 0.3962710850228454 0
0 0 -0.8955081593413698 0.05038395340607915 2.6809052666295203 0
0 0 1.6947289925523377 -0.09318439895443792 2.197093204325956 0
0 0 -0.25641197909869895 0.01120164810032026 2.8038289510971772 0
0 0 -3.0759467846394997 4.238394293917631 0.5520976334223128 0
0 0 1.7790400149640746 4.141268386180137 -0.3481239320354124 0
0 0 -2.3472437748948605 -0.14155456474342493 2.41430284888341 0
0 0 2.5056987583794337 2.9650299753369107 -0.10232497452331768 0
0 0 2.0672296677486317 4.313250768565274 2.1913325001189556 0
0 0 2.2824524400346506 4.322639071414966 -0.15212975272336973 0
0 0 2.3588813149553634 4.196866461719305 0.9900652976769797 0
0 0 -2.8096031109698636 1.0370673985258567 2.841485996559961 0
0 0 -1.7971462437552035 2.9204310022506643 -0.19677241382090274 0
0 0 -1.1343634091383668 4.265489940211023 2.07645730772789 0
0 0 -1.4916187792358344 2.73248705870824 2.7977853798912915 0
0 0 -2.1371916270480433 3.753569266247353 -0.21344175106767316 0
0 0 1.1549999760398375 0.47319561608804317 -0.25449421338576406 0
0 0 -1.5040773043285116 4.210564073027496 0.49506288615005023 0
0 0 -1.6150998635171665 0.48096835002257743 -0.050709678996524676 0
0 0 -1.049179899136996 0.8997899388860032 2.844205332300094 0
0 0 -0.2919099951785884 3.1310398578466465 -0.37323100656743446 0
0 0 0.536500253979991 -0.34864775036365375 2.321326610426599 0
0 0 -2.837827053832118 3.4100383132348395 2.6691350399927627 0
0 0 -1.9036838823644087 -0.3990998895808497 1.0914278335643457 0
0 0 2.90929181607107 -0.38764693787510085 1.161180335370057 0
0 0 0.16451516646911557 1.261667190870377 2.847645243323173 0
0 0 0.5108951112485882 -0.11963316659645296 1.9845101637226763 0
0 0 0.44410140963888534 2.200836466093723 -0.35711216520579164 0
0 0 2.7185098920308164 3.784258706042126 2.9095746467274175 0
0 0 -1.114963305030518 -0.03101698984475254 0.6055836926715517 0
0 0 -1.256298945110294 1.8485342235249722 2.925924468678743 0
0 0 2.3837781729825354 1.3032692547283893 -0.14788535601151848 0
0 0 -1.3623530989086388 3.0567165421828815 2.919418027487502 0
0 0 -1.1472312320755593 3.6556274083024145 -0.24796301156400544 0
0 0 -1.3147853279837518 4.09466637331409 0.17423316916236634 0
0 0 2.3007639390118833 -0.3301472332486943 1.022029593946646 0
0 0 -1.2969481984438078 4.139951589404889 2.344656449794072 0
0 0 -1.9280613137382752 2.6585336999929376 -0.3464581391139184 0
0 0 -1.22714133226787 -0.0868050301396745 0.8162459274505487 0
0 0 -2.6222305685802265 2.5762255588959593 2.6587739118175984 0
0 0 2.8828911409827693 0.2426638696207265 2.886099142932777 0
0 0 -2.671952553294315 -0.2926355976217398 1.782208149225647 0
0 0 -2.417905684408447 2.804236739275303 -0.29246124329228995 0
0 0 2.8640522142566693 3.1919796599989936 -0.21071143156139752 0
0 0 -2.9459680170833535 -0.29471604783316363 0.4820135643529708 0
0 0 -2.272828415394314 3.9422446158095856 2.6238867792879073 0
0 0 -0.268098926383614 4.178164263939247 -0.1093361897710356 0
0 0 2.901880931954131 1.1832194697068932 -0.18613418403776097 0
0 0 -3.062699599220471 -0.2021665459074646 0.48693424151588993 0
0 0 2.812738353689305 2.2842516106820447 2.934499224600805 0
0 0 -0.9511306764333938 0.4362419784741852 -0.24259873652601988 0
0 0 -2.945227176781381 1.9120391325734105 -0.33421108989481757 0
0 0 -1.6222318117203158 4.356122553255242 1.9971778289696167 0
0 0 2.7389169081369618 3.4887792341659427 2.846914874098808 0
0 0 1.389181939559717 0.09965717907606803 2.687834519279759 0
0 0 1.055357811755929 0.15810517560101556 -0.10540353857266954 0
0 0 -2.9120052276304746 2.5725901912680555 -0.027251738540076342 0
0 0 -0.4808265995046903 -0.203685720688154 0.6809810253376744 0
0 0 1.4899231227250063 4.239385739854444 1.725528863247282 0
0 0 0.19694266315288322 2.8795106319703314 -0.2677899009166203 0
0 0 -0.27948082959294096 4.231415145427629 2.800471368401353 0
0 0 1.0764543542235225 1.7798524527792003 -0.12225912256404747 0
0 0 3.0833485629639297 -0.11855087164080141 2.7226066752653098 0
0 0 0.48055810901319695 -0.04550715641655001 -0.057238629150025866 0
0 0 2.4273171582883393 4.120328793923436 1.1941741225382303 0
0 0 -2.473976818569283 4.092970347067464 2.821288762206339 0
0 0 -2.969287681166389 1.811113138712936 -0.02032380943376949 0
0 0 2.347890153114962 2.360487071943419 2.73067046252059 0
0 0 0.11028482259862438 1.3146896935188446 -0.3163052407504478 0
0 0 1.9004039562091686 -0.314718211643717 -0.2628390100659249 0
0 0 -1.5659462026067588 -0.13020687354510013 -0.010625285778483096 0
0 0 2.4451220375143317 1.5879812440767709 -0.3947797663625763 0
0 0 0.01684971071032404 4.18897201464528 2.2513406293691247 0
0 0 -1.612463912523586 3.2165392827302406 -0.05634476074574252 0
0 0 1.5492079309342026 4.0140305272934365 0.13706810932465519 0
0 0 2.9507621612917942 3.525882188614289 2.988786903906753 0
0 0 -1.8661161062117666 0.8032197012240093 -0.3443403717602172 0
0 0 -0.23443234674264524 -0.1509020054952186 2.267954057161821 0
0 0 3.028067544584827 4.25430893970341 0.39902836533401853 0
0 0 -1.4560284533995693 -0.037522981877469996 0.9222721455438743 0
0 0 0.4022664615446181 4.039577646761992 1.1441431884500093 0
0 0 1.8894659461415975 3.6263625860565196 -0.2694906440953745 0
0 0 1.2610988753594912 4.059014406684626 -0.34872424134528296 0
0 0 -2.7292034872402686 3.2019022003742035 -0.3294456629437995 0
0 0 -1.721748989357124 -0.21321839164035739 1.9527283401519628 0
0 0 -0.9141028786991252 2.252598132337949 -0.3042968781411185 0
0 0 0.5837971348901725 4.176182500453392 0.4174821078450721 0
0 0 -0.8010839498546747 2.2499572978302576 -0.39736690323084534 0
0 0 -1.5145266323789288 0.10061195111012722 -0.3529627155083656 0
0 0 -0.20133287918572096 2.623584721690292 2.6623442103265673 0
0 0 0.8476340992178382 1.3944881845458332 -0.3886848106133689 0
0 0 1.1878623605897785 -0.014261744912649643 0.9806265689680309 0
0 0 1.4020804285937247 0.3964185072867743 -0.26856604291272945 0
0 0 2.4097980067451426 -0.29401619770990073 1.769117650253806 0

