0 0 2.7749085922899495 -1.3836282753303615 0.8182403854571578 0
0 0 -0.8255020264505419 1.373671006521833 -0.4784395366483829 0
0 0 1.3542261026349598 -1.1225282615394456 0.8170184572203979 0
0 0 1.4869182347997896 -1.3909682382586477 0.806723478403494 0
0 0 1.8073138921185192 -1.3993573838965883 -0.794759525400934 0
0 0 -2.9125764583176936 0.49163279708843355 -0.7618989333258821 0
0 0 0.33783558561008675 -0.3636844317288034 -0.7445171863514535 0
0 0 0.1784234940069087 -1.3384390134276456 -0.7375477801765212 0
0 0 1.213650891174999 1.357042104307021 -0.28605502793737414 0
0 0 1.8656253644977374 -0.4525686664543721 0.7417590016671289 0
0 0 -0.7013671984891148 -1.3826742290131353 -0.6952019855217766 0
0 0 2.751669006268508 -0.713142084703328 -0.7965072047412239 0
0 0 -0.5221308457507772 -0.30633386378482375 0.7450596933995542 0
0 0 -0.004928449407929136 -0.7234080675720742 0.7822368571643922 0
0 0 1.3741738473654062 -1.3156482587403906 -0.5326178903248056 0
0 0 -2.800794021007446 -0.07437237031583699 -0.7518133175832682 0
0 0 -0.25802745410547967 -0.8581619337873032 -0.7279625891183306 0
0 0 2.418825476570782 0.5801765692832279 0.7958142161190322 0
0 0 -2.406864328748208 -0.6253188138020901 0.8181920308268544 0
0 0 2.4038867657286858 1.378026324179802 0.5065802257169589 0
0 0 -2.962527056903046 0.41568412583675296 -0.8200122728889598 0
0 0 1.3595701779060425 0.1865918253061598 0.7317853279160995 0
0 0 2.2893905490889406 1.3364602471005078 -0.1625828902916081 0
0 0 2.803716733775863 1.358532416503824 -0.6804389916582685 0
0 0 -1.13874626351397 -1.2559539917298783 0.7308115081174877 0
0 0 -0.509946083074932 -0.6030093983323825 0.7944549190778576 0
0 0 1.9929734479404635 -1.3655073589356699 0.11506415092997668 0
0 0 -1.4875908861791982 1.3256045349875163 0.2247088240711983 0
0 0 0.8269989419128705 -0.8235902299728073 -0.7892878379246413 0
0 0 -2.48375292688817 0.5301754475193265 -0.8061185487124507 0
0 0 3.05892924176021 -0.8748808565410482 -0.7294578821188086 0
0 0 -1.2771454339795456 -0.3188316194755991 0.7737067347149913 0
0 0 -0.6970140402727214 -0.5540766566477716 -0.765016086594086 0
0 0 -1.334373476881275 0.8253348294048759 0.7530903195183365 0
0 0 2.7961338518074825 -1.3653451473834148 0.8227818467132899 0
0 0 -2.846108742291671 -1.3705805574394014 0.2310286314572505 0
0 0 -0.327310482311975 -0.3539209843567751 -0.7600074666990295 0
0 0 3.129219068293474 -0.9832465878697965 -0.8096119535846067 0
0 0 1.6542440825151958 -1.325925015751632 -0.6612039399811236 0
0 0 2.2949527058823573 1.3129201413349163 0.30095691272699066 0
0 0 -0.8073524643296293 -0.9767427673227775 0.8184112828903624 0
0 0 2.243215594193397 1.3710768075521864 -0.8175172393700084 0
0 0 -3.1378954013077665 -0.3937555228279378 0.7765075480033747 0
0 0 -2.3094006082849887 -0.9755120581528622 -0.8011851269301855 0
0 0 -0.7942713627027636 -0.955059264717877 0.7923556667247629 0
0 0 -2.4380449992418876 1.3748598798690204 -0.14075695774531782 0
0 0 2.3875464695991973 0.5725304567117575 0.7665436383240268 0
0 0 -0.29596834140626704 1.3587152121258796 0.2615565535025133 0
0 0 3.1407410744540636 0.5662354147208137 -0.7452040146525613 0
0 0 0.3563800699860926 1.3374481767403388 -0.20323516386171714 0
0 0 2.928882518449446 -0.42804286496541677 -0.7676968355826387 0
0 0 -0.6250384077544342 1.3807999378211107 0.47675541648239794 0
0 0 -0.19875202376509682 -1.070794564451712 0.7827273783195194 0
0 0 2.931851890475091 0.6697186136163755 -0.7729867583967447 0
0 0 2.467368077739464 1.0804203664941021 0.8244410186962614 0
0 0 -2.0455704550370797 -0.7401735750161155 -0.7965890462494342 0
0 0 -1.475118302063776 0.5572428115543793 -0.7880360955971697 0
0 0 -1.5499587806939557 1.3921637282181125 -0.8231490182224699 0
0 0 -2.947637616667145 1.1812047436710549 0.7672569781653682 0
0 0 1.9456077662394593 1.3491597539612699 0.667803127438068 0
0 0 0.2053976959789825 0.5031496901082815 0.8224188719934111 0
0 0 2.4759074665290326 1.0528008710713281 0.7742496417181137 0
0 0 -1.3318710563851595 0.4814212341799615 0.8151366648747244 0
0 0 -2.775671102169638 1.3194102262121397 -0.34103570740125266 0
0 0 0.5396753083425283 1.3315081358658596 -0.6029398867872194 0
0 0 1.045997429624312 -0.3656751066085657 -0.7624092239789325 0
0 0 -1.4765116875060391 -1.378761380861828 0.0760523504219911 0
0 0 0.721428147336368 -0.7678832931813714 0.7901804895005197 0
0 0 1.517683990593114 0.9049633717276635 0.730512946346523 0
0 0 1.008515855552365 -1.3378309707033156 0.6232505146198957 0
0 0 -0.5058603742168701 -0.8294119780026876 0.765443842367604 0
0 0 1.2914794807882668 0.7732829693237215 -0.7588261724803682 0
0 0 -0.5033769511056274 1.2699417800873458 0.7380177435584109 0
0 0 1.179819914065238 1.159519763974062 -0.7415714376772882 0
0 0 -1.7854697334794576 0.1235530122190327 0.7616007128263064 0
0 0 -1.2227134720772541 -0.8043628109814323 0.8004892675145616 0
0 0 -0.8237510418170046 0.3608504468040712 -0.736065570561102 0
0 0 -1.0277613737718303 -1.3885973490074024 -0.5102564720516798 0
0 0 2.987665695478716 0.47789061715113745 0.7507520443379891 0
0 0 0.1380071856728602 -1.3462678480050452 0.28697798050185086 0
0 0 -1.7156355957319216 0.5268375990130647 -0.7889010743703467 0
0 0 2.108699396774319 -1.3110984737395965 0.28050930874141233 0
0 0 -2.353916955545022 -1.3669771984179346 -0.7052948166418902 0
0 0 -2.80301524053315 -0.7068601580587724 0.8187048393573629 0
0 0 -0.1100059269690048 0.7265450491192309 -0.7983448011544418 0
0 0 -0.09965902659742554 -0.1188576415844822 -0.7488110864703185 0
0 0 -1.6643274308507985 -0.8130395162778119 0.7278335540156183 0
0 0 -0.6932859981304014 -0.39246352031857423 -0.7896931657428438 0
0 0 1.647638531410827 -1.3707023563211096 0.30934720063441024 0
0 0 -1.7341523373706766 1.1696549799415121 0.7867241150658 0
0 0 -1.0103243349433426 1.3435285808062833 0.13034796563138307 0
0 0 -2.2539142372963323 0.8410473418744109 -0.7851912401790743 0
0 0 -1.3635708152658603 -0.19946835255891426 0.7687423056387803 0
0 0 0.6944765273828883 -0.3558989527422026 0.7404605208839059 0
0 0 2.3249983929143685 -1.39360267776374 0.13317728436068332 0
0 0 0.1244510938961092 0.7109020276059648 -0.8013222847497556 0
0 0 2.694629455990687 1.395143309529732 0.6944981853016954 0
0 0 -2.5918988214555334 1.3332362768868413 0.0668139170168941 0
0 0 2.322015948507673 -0.7051360368631704 0.7990701520815006 0
0 0 -1.4805595886097194 0.46623019775436525 0.7870807426176394 0
0 0 -2.446253346150083 -1.106283082232062 -0.7637948716267849 0
0 0 0.8740732247527063 -0.6038499810953499 -0.7391516645528683 0
0 0 -0.09861581724099677 -1.3799120148851847 0.07084025741337097 0
0 0 0.8609204943932731 0.6389945115900006 -0.7598622782933675 0
0 0 -0.3456624791846359 -0.05024634417249452 -0.7921542264012728 0
0 0 0.4236251209888615 -1.312651954213074 -0.5208619618353754 0
0 0 0.8290471475680357 -0.5674969641067024 0.7817173407009692 0
0 0 1.4365745596957504 -1.389173020158217 -0.20565656978395985 0
0 0 0.190447954905002 -0.8829833051719893 0.7952228055827539 0
0 0 -0.7118755484550925 -0.09721361748020785 0.7520183170395414 0
0 0 1.7982204913727955 1.2934217117260152 0.8122199880307136 0
0 0 -0.6600179226989562 -0.3795318208740731 0.7627024471410128 0
0 0 0.7515412430062485 1.3065363935748877 -0.3055807315366227 0
0 0 2.9347618424165516 1.322869226733094 -0.3757380771014853 0
0 0 1.9149439776002737 -0.5299388180702465 -0.7407678683552695 0
0 0 1.9781565491516417 -0.919089137175052 0.7732648982996716 0
0 0 -0.8264322119599883 -0.34305353423184226 -0.7732300585646726 0
0 0 -0.6083486508722262 -1.1043493505762265 -0.7577006726659452 0
0 0 -3.0031233083613165 -1.359140938026706 0.7002666266926652 0
0 0 1.4317832803154102 0.6364785223237532 0.7455815963395886 0
0 0 1.1133275115747043 1.3531422927778205 0.06657337546974351 0
0 0 0.5750116903177012 1.35215300444095 -0.37921795557531524 0
0 0 -2.2219527737102065 0.5105843046093996 0.750802253029658 0
0 0 3.015719871462463 0.9441598301423226 0.7694052384025768 0
0 0 -1.0085921727859226 -0.33648319432583607 -0.7410852444031207 0
0 0 -1.4779488474955293 1.3358450499677512 -0.042707440918733575 0
0 0 -0.6587475805584151 -0.7814459571999758 0.743421196401824 0
0 0 0.4820732448800995 -1.3993141051611655 -0.2626268654549292 0
0 0 1.003635880822685 -0.7326024035298788 0.7662884319478818 0
0 0 0.2400455227234528 -0.9972414511359866 0.7266315054899554 0
0 0 -1.3476055009922105 1.3027031969042175 0.2985179870284944 0
0 0 1.059483324000933 -0.010895815306278589 -0.8042814827861857 0
0 0 -3.0502910229670834 -1.3322740115118419 -0.43419038846644803 0
0 0 -0.48820186959584255 -0.5887582530278493 0.7733312087496681 0
0 0 2.7912261140727237 -0.42123432968024765 -0.7467835390225865 0
0 0 2.704969316769926 0.3594785998486052 -0.7482343156895441 0
0 0 3.014629452791805 1.3074661369801694 -0.07826660165104982 0
0 0 2.2363474494000233 -1.339365766496853 -0.7369431715200813 0
0 0 -0.1869446082822912 1.3856774310122573 0.7283254463877815 0
0 0 -2.739714349389777 -1.3770728100756213 0.6527002556679724 0
0 0 1.710456651984697 1.057945550596599 -0.7798921850657272 0
0 0 -0.7182261639626737 -1.3000421527148005 -0.39608706221786233 0
0 0 3.0752624969663547 -0.571966954759849 0.7461831451026317 0
0 0 -0.24933116537255717 0.9746244595059641 0.801960244695474 0
0 0 -1.7065173945998773 1.385951107064424 0.3394523434383665 0
0 0 2.518282398929891 -1.3323613546688493 0.7148239361785842 0
0 0 -2.953629471970438 0.5971249454112009 0.793558826773176 0
0 0 0.34362395885010333 0.41351643829286555 0.7259583237678978 0
0 0 -2.4894989474091407 1.3655202305894172 -0.8177358448555884 0
0 0 1.5780292282059367 -1.3591625209280431 -0.7892816606340033 0
0 0 -0.7977126142523905 1.31584227765429 0.4234901823846513 0
0 0 3.081174632130315 0.10985941127552934 -0.7281433506883183 0
0 0 2.677153120834971 1.0739884109037188 -0.8128375015890663 0
0 0 2.547203349880702 1.1418472601570009 0.7578117408083528 0
0 0 2.708786593691655 0.6213888596384955 -0.7791215926981866 0
0 0 2.343757093032557 0.2644341548120557 0.7882703218755096 0
0 0 1.0376257108970828 1.3469008829872313 -0.6629586581643812 0
0 0 0.1104665363198638 -0.8679111226799341 -0.7873472481758576 0
0 0 0.8741210755174569 -1.3512137378027895 -0.49830708161411263 0
0 0 -1.479060510875456 -1.379476421360418 0.0648145984419497 0
0 0 -1.4059655232173707 -0.16068428564087545 -0.7575753791398576 0
0 0 -3.1054686032442955 -1.3457830289159787 -0.492055317262184 0
0 0 -2.130415219959634 -1.3436846745056732 0.02475138257855114 0
0 0 -2.415974506155382 -1.1246744853820416 -0.8134880246895952 0
0 0 -0.19542775099787058 -1.2047015805059398 -0.7945431993367732 0
0 0 -2.683412607102315 1.3972444960235486 0.012126640083632179 0
0 0 1.3953034821532713 -0.4322884207398109 0.7317861180498331 0
0 0 1.4072549583430325 -0.6589721200838363 0.7539134368681711 0
0 0 -1.9656997294713687 1.3308330742946461 -0.622685621961212 0
0 0 -0.7557939457601042 -0.5460237346700507 -0.8174713825760813 0
0 0 1.1669424404107875 -1.3981108528411474 0.2723019997033602 0
0 0 -2.1074960498976996 0.5344631715501575 -0.7859957351077722 0
0 0 -0.3538938810028789 1.232860350218013 -0.7287917909219701 0
0 0 -1.4166713432539402 1.3426344122213194 -0.2681659935835453 0
0 0 -0.9159354715427099 -0.06473222847408722 0.7277803547519727 0
0 0 -0.7765365662338253 -1.1952855708083034 -0.8228503655441826 0
0 0 -2.7732004255241396 0.582036693076299 -0.7901524019989596 0
0 0 -0.3037473016820087 0.6979383734804809 0.745936327339837 0
0 0 0.9223755182372715 1.3139564901875733 -0.5028043950489824 0
0 0 2.321465903389565 -1.3106623392834882 0.30798651804445587 0
0 0 2.531899149261055 1.3972201625459753 0.010066436250082189 0
0 0 -2.1279039732167506 0.11178914399425288 0.7657875056361692 0
0 0 -2.1402260783738205 -1.3963475599375197 -0.10812098054651909 0
0 0 0.3302212236751818 -0.8646124049800372 0.811343162928112 0
0 0 0.47645933978137567 0.7195808562228858 -0.796444818210517 0
0 0 1.8695075135370764 -0.634428188483247 -0.7653148041965517 0
0 0 -1.0717163296565797 1.3486195242650136 0.6301845816145553 0
0 0 -2.2102371162337064 1.355773683885336 0.7127891027342517 0
0 0 1.8443716105445276 -1.34911248476416 0.3053433854997665 0
0 0 -0.5799236906974783 -0.18037161430341864 0.8083572881890894 0
0 0 3.03087849265599 -1.3900522065855816 0.4321031074256092 0
0 0 2.1212436864649673 -1.3179774685811372 0.6982008633203285 0
0 0 0.13254252413208212 -0.5427247353094709 -0.7454587793218175 0
0 0 -2.179568426892223 1.3888631370166276 -0.3507498782106955 0
0 0 1.880942110309066 -0.6621212879507996 0.7621246867033918 0
0 0 -2.5778451069118935 1.39259639589556 -0.5830304003942987 0
0 0 -1.8992899667040604 0.8401755191896927 -0.7350186687677205 0
0 0 -2.521364070827528 1.3307816274552768 -0.11724412474885904 0
0 0 -1.4932871065194881 1.0525493158750063 -0.8152899524798485 0
0 0 -2.033273624304634 1.3282016682805393 -0.2807331589853811 0
0 0 2.2275868878702525 1.3927521149063422 0.7346561626772834 0
0 0 -2.190986515397361 -0.2538417542117226 0.8034568464238883 0
0 0 -1.3392174200891265 -0.43691647136223566 0.7731709878212276 0
0 0 0.9332995341332628 1.3515113061263366 -0.3853740641108419 0
0 0 0.7398138889360637 -1.3424651932339415 0.08159434657856401 0
0 0 1.4134000757864618 0.598562782873175 -0.8045899634782894 0
0 0 2.502991984852674 0.3934728163962109 0.7958125720662063 0
0 0 -2.55874144398282 -1.370240533911528 0.3953530144007946 0
0 0 1.0809367197210609 1.357323497605235 -0.20402941245116712 0
0 0 0.7658502893920058 -0.4866273499185352 -0.7887360742477361 0
0 0 -2.156237279069481 1.3344062022335366 -0.4404646521162281 0
0 0 -0.3732274991021072 -1.382145647627734 0.6284845754201316 0
0 0 -0.18780092040947372 0.10364728658729372 -0.7860142980464981 0
0 0 2.2446140487369854 1.330381530284262 0.3715132649668056 0
0 0 0.9659705792632751 0.9748322712319071 -0.8042611774968477 0
0 0 1.7990273292031862 -1.3174921858502646 0.19598210988064224 0
0 0 1.2308659150045802 1.3415830353235396 0.8021429380128482 0
0 0 0.18216904279252333 0.4773885532489981 -0.755521613860812 0
0 0 0.5510285250931259 -0.3667978863936593 0.7611431154571391 0
0 0 1.420784166908823 0.3948092403605479 0.777146093152551 0
0 0 1.6852905945730905 1.3289991882485914 -0.2691509770192385 0
0 0 2.6925068514060158 0.9299531689470995 0.8092815613610915 0
0 0 1.020478883248341 0.5651768121520082 0.789396545000834 0
0 0 -2.0965986953644036 1.386006962678157 -0.7086322374812913 0
0 0 -1.8945024446758019 -1.3924039557450176 0.12507976276302968 0
0 0 -0.9059350498008412 0.2785706834926147 0.7590527022963839 0
0 0 -0.9890190508882046 1.312301715554739 0.4932673685929241 0
0 0 -1.0504296473112005 0.7331768028948653 -0.7888980865844818 0
0 0 1.4810666727517976 0.5322897065392089 -0.7430647549315177 0
0 0 1.0709465395850861 -0.1452929486494683 -0.7866384618580687 0
0 0 -2.787537524058952 1.3332574194809794 0.2273616362397115 0
0 0 2.5435829180648923 0.5084425084034099 0.7824775665857975 0
0 0 -2.701897427444871 -0.10270446292067281 0.7771026241903023 0
0 0 1.690323366605635 1.319465011766846 0.7974359800444888 0
0 0 1.9112319149104122 0.5001883662113 -0.7672995891564947 0
0 0 1.2218860468406483 -0.6080515347691355 -0.8005953236944978 0
0 0 -1.5505850032117132 -1.3428975618577375 0.7772593652887037 0
0 0 -0.7240830553220001 -1.0554092920134122 -0.7742838242074551 0
0 0 -0.15518313147395268 1.3206118415671873 -0.005095187561661718 0
0 0 -1.0851016618751523 -0.9521786595122164 0.8157790221212309 0
0 0 -2.0105038164896802 1.3869586434505488 -0.7137486105152474 0
0 0 -1.8515775025090822 1.3389530210396463 0.7539013209700685 0
0 0 -0.315443699642572 -0.5137648637121912 0.7849749047862444 0
0 0 1.8963105528656863 1.3164550797443337 -0.23180061581705702 0
0 0 -2.6548375921124605 -1.3895581807486754 -0.7200424119592567 0
0 0 -0.9347025794769523 -0.6302769273044024 0.7963208897746032 0
0 0 -0.11937009118231279 0.8966006478235793 -0.816236992752666 0
0 0 -0.3241147999346281 -0.5713590768589247 -0.7472958547550034 0
0 0 -1.9542968868813755 -0.7687526902466127 -0.7461093020381097 0
0 0 -0.3387087054328388 0.5523546201376963 0.7353060686221883 0
0 0 -2.6297674436939396 -1.3452480451135131 0.2566845713510326 0
0 0 -1.1681817546941193 -1.3406866263734287 -0.0757535103501501 0
0 0 0.2493145481980017 -1.3902204397409108 -0.16728389692182255 0
0 0 -0.7802842240779335 -0.8511206702384757 0.7856303742574655 0
0 0 -1.1829481758775475 1.1083052862178608 0.7976344217398459 0
0 0 2.41815762354243 -1.025035105325663 0.7819675584081159 0
0 0 1.4907145100574306 1.3335577808134726 0.39756151547126284 0
0 0 0.322264697166625 0.37319584691179064 -0.7726785419612094 0
0 0 2.4969236411313824 -1.390737413108944 -0.6261248463721119 0
0 0 2.021820583778055 0.26959877324032955 -0.740976112256305 0
0 0 -0.030313043044800647 -1.3379566005743881 0.04169411732619821 0
0 0 1.4416083617720572 1.0260347767538003 0.7368796538838805 0
0 0 0.28717724778889453 -1.3454255485908764 0.12898521425169507 0
0 0 1.338818820915229 1.174408513121293 -0.8084258937001919 0
0 0 2.9719656303923045 1.3315473506114588 -0.8108899267357441 0
0 0 -2.0943554496077894 0.11409406686617163 -0.8211645517309186 0
0 0 -1.6771532643196512 -1.320675392361921 -0.32085806093509417 0
0 0 -1.6452319906483754 -1.1308438395380904 0.812503056504114 0
0 0 2.166027742255137 -1.3990765043151323 0.4234087645223523 0
0 0 0.15309201341751644 -1.3814581191012831 0.09817496948481008 0
0 0 -2.935955378014872 -0.02392357951685331 -0.750170364837257 0
0 0 1.3100266193240948 -0.22197820408184588 -0.7787924479733792 0
0 0 -0.8170979999494112 -1.1736675432262063 -0.7961052460814104 0
0 0 2.063409292981751 -1.3675367730358465 0.14693969354712966 0
0 0 2.3448337287578935 -0.6875637051371732 -0.732129173167039 0
0 0 -1.0216280673857039 -0.7363099175090092 -0.7366917619883536 0
0 0 -1.287450427225724 1.3827950614417581 -0.2115023577697962 0
0 0 -2.2386634449330804 -1.3779868754292763 -0.3678675957677384 0
0 0 -3.0691281048260524 1.3635352778261365 0.3584997392707465 0
0 0 1.9755127658985678 -1.359503077371309 -0.2920236213972607 0
0 0 -2.2690229061247953 1.3365046782422108 0.1689872053774829 0
0 0 -3.065419009685637 -1.334982942468209 -0.09744276199074164 0
0 0 2.048170629145755 -1.3907965965889937 0.1867202758831783 0
0 0 -2.7060048311683658 -0.8941490874703604 -0.7627724809731622 0
0 0 1.8072247290215557 1.239216847313423 -0.812213138458086 0
0 0 -1.228176687476171 -1.3135642475803266 0.5893655572410905 0
0 0 1.8872712109382066 0.3676770934322331 -0.8029083438125642 0
0 0 0.6591309480165997 -1.3751106421984343 0.5811499820286115 0
0 0 1.7096154935446606 1.305154769363154 0.43965840847368143 0
0 0 2.5129332481364743 0.2612341819985673 -0.8020605927987067 0
0 0 2.789858915796941 -1.16918300619628 0.8077897696765904 0
0 0 2.2920899193661066 0.042632907735788095 -0.8077008127344226 0
0 0 1.0290843330036719 0.2453184931081971 0.8000106178097722 0
0 0 2.3753476042402593 -1.1320159101665441 -0.7682731643854517 0
0 0 2.859507949488161 0.2460437450984596 0.8207889632065432 0
0 0 1.0247060514574509 -0.2969912845656031 0.7380853376545394 0
0 0 0.13271533257189239 1.3511142536972154 -0.054971982052343105 0
0 0 2.393224945774004 1.346398543013526 -0.38169244506416444 0
0 0 0.2027191330373741 -1.0410285295237376 0.7689012727457895 0
0 0 -2.6057674110212736 1.0136760689726583 -0.8163212939114464 0
0 0 -2.0212180869083234 1.260314455256206 -0.7601874541878403 0
0 0 1.4854714059592578 1.302679247011686 0.7065910735209793 0
0 0 -0.2180168218935119 -0.5016944146175164 0.7263437698577094 0
0 0 -0.5184303362902329 -0.3071352072904614 0.7734858415437056 0
0 0 -2.8948108008039517 -0.3315834037130443 -0.7579979240138469 0
0 0 -0.6269598393464837 1.3660935970952572 0.6881910164108949 0
0 0 2.929085383463356 0.9811517530583058 -0.7768378505451139 0
0 0 0.7536190860856253 1.3255728792348955 0.4277791239285864 0
0 0 -1.7848294558917508 1.3985986128600976 -0.40346151496078164 0
0 0 -0.9717295897132199 -0.9521816627121518 0.7789647765664202 0
0 0 -1.8997638794099918 -0.4093549259753838 0.7251912302832072 0
0 0 0.49980427963727614 0.17995543137080228 -0.7907981745350681 0
0 0 0.5075176796362215 1.370981845433062 -0.4302513592349992 0
0 0 -0.4093247033805736 1.0137167268872755 0.7605370525484545 0
0 0 -0.862358847722104 1.1897215745665635 -0.7535971870292457 0
0 0 -1.2781184809433657 -0.9931630325050178 -0.8025661589050583 0
0 0 -0.9772208690456101 0.44304233232402157 -0.7706128845624792 0
0 0 -0.6498615122064426 -1.3875060485481394 -0.5049308934326041 0
0 0 0.6567360825283921 -0.9402463672001629 0.7399646164272718 0
0 0 1.1442332035581604 -1.367345563821742 0.7963427201553133 0
0 0 -1.540431841347554 -0.8075192159265463 0.7824251660132018 0
0 0 -1.0233902566106412 0.21599814662606498 0.7749557397082337 0
0 0 -0.024802678657591226 -0.5965627883809022 0.7501922357132711 0
0 0 -1.9399581505778034 -0.002334101541275002 -0.8046693915585537 0
0 0 -2.7056579111125485 1.2696584726669184 0.8247763572036748 0
0 0 2.200854571591882 1.339176962563354 -0.6704864940398192 0
0 0 3.0649925223430596 -1.396557326646736 0.1908541612704615 0
0 0 -1.4868151509342409 -1.3331347460357847 0.8061650700344865 0
0 0 2.1056367883016396 0.7069955440626992 0.808591838558787 0
0 0 2.590384327901293 -0.7922581327846411 0.8067238242201951 0
0 0 -0.81628479579709 0.21166344200137988 -0.7448604773328352 0
0 0 -0.970441112225386 1.0573972753023535 -0.7675000646626797 0
0 0 -1.4789536972243273 1.3196639701665718 0.2274022486884033 0
0 0 0.05749473481723433 -1.3947087252545525 0.05927153955308018 0
0 0 -2.133694501082923 1.3838234291415923 0.6279393420067105 0
0 0 -2.7446487368516506 -1.3254718680781388 0.5686487732127514 0
0 0 -0.7785834009300534 -1.3224522207505607 0.07401509650415217 0
0 0 2.0107218881411226 -1.1262377970990558 -0.8029354449173551 0
0 0 -0.6449150412601945 -1.3462961511466 -0.439304986572735 0
0 0 -1.6213187837134229 0.26606836919737353 -0.7751302418259656 0
0 0 -2.706045671718547 -1.3770961703257787 -0.40615794754013756 0
0 0 -1.7285676397961762 0.5916975140224232 -0.8094579187187947 0
0 0 -1.2347615500264555 -0.46527390378327727 -0.8143701816916055 0
0 0 1.7002762614900506 -1.3458656261246604 -0.08434951209414276 0
0 0 1.5431170007392758 -1.3129633272217065 0.10694247809170654 0
0 0 1.1781869064750738 -1.3161078617261202 0.08667936539956367 0
0 0 -0.6683905101710601 0.8150680231727863 -0.7710680387024959 0
0 0 0.8245588710917082 -1.2295921247499022 0.8001465157230941 0
0 0 2.512503917829015 -1.370231702065131 0.41153276303759156 0
0 0 -1.8663055486243354 -0.7664777163046439 0.7514044799243401 0
0 0 -0.813293287097276 0.299891276901167 0.7507566400196113 0
0 0 1.8941643895092488 0.1463550633795716 0.7332933049197404 0
0 0 1.6169916392154864 -1.298894258300087 -0.8157181483119941 0
0 0 -2.9105632507346133 -1.0384486940907633 -0.7964124544030049 0
0 0 -1.4494260988234715 0.45655360645053555 0.7541985112117866 0
0 0 -0.6599153644093372 0.3263712346678671 0.807528183311148 0
0 0 -2.9298338149069276 0.39470811488345237 0.7514745233452702 0
0 0 0.5996387893065664 1.378325701323178 0.26099007303806787 0
0 0 -0.8290231105261623 1.314386755019872 0.32277161110423136 0
0 0 -1.867330793224284 0.9799703311735388 -0.7364166490267401 0
0 0 -0.18086982957928344 -1.357745632383073 -0.43577279377892536 0
0 0 0.9206657917951864 -1.3617441770101315 0.8103343936689125 0
0 0 -1.5243287420589398 -1.31577818629127 -0.8094334463932681 0
0 0 1.3938064326906296 -0.2609199829702087 0.771827507142568 0
0 0 2.320576077378166 1.334876024019958 0.8231023233955874 0
0 0 -2.6523918266634046 -0.9978008728617804 -0.766285889529202 0
0 0 2.835402750910113 -0.21884983326594099 0.8078289826157159 0
0 0 1.0761543440156114 -0.014426097900331447 -0.7720661416122927 0
0 0 -2.2356972054190303 1.3893078514655144 0.12093440264088984 0
0 0 -2.3004936067715893 -1.0744989718168259 -0.7923657666505779 0
0 0 -1.8685185551238688 0.05040573511183921 0.754146478591557 0
0 0 -2.4880169295764056 1.3621519567178049 -0.33362959001744186 0
0 0 0.10324099315041746 1.322104127893337 0.5594690953158872 0
0 0 -1.123402448718632 -1.1778309221021663 -0.8092240584357197 0
0 0 3.0016411211959344 0.6743416076434743 0.7999080342988647 0
0 0 -2.040632595656949 1.3575971649958452 -0.22166269965948837 0
0 0 -0.3238218630930332 1.3527920300761571 -0.2746511788420669 0
0 0 1.7641189644153634 -0.3245686742098304 0.7933801597829473 0
0 0 -0.02054635991325693 0.7407823597905556 0.8065672767874186 0
0 0 -0.45223563145536616 -1.1906038109410877 -0.794712587435431 0
0 0 0.5557633177523171 0.8979084558513846 0.8007306195852657 0
0 0 1.9489087012876256 -1.3687065897660264 -0.08209025406268544 0
0 0 -1.6424208825892377 -0.29594968599462934 0.7708736636187379 0
0 0 -1.5762969992088505 -0.8837665042859995 0.7413222470981946 0
0 0 -0.34518884618572576 1.3515664634997213 0.5910743804058831 0
0 0 -3.02439442883406 -1.3396359287662867 0.40400835057769835 0
0 0 0.515661449397343 0.7821878174968171 0.7543485317039136 0
0 0 -0.7495360530467607 1.1417031174757535 -0.7855638356789187 0
0 0 -1.8075606266034043 -0.4314160059978689 -0.8221949041765245 0
0 0 -0.89372293009195 -0.2813748113175507 -0.7782617460018686 0
0 0 0.1964962962279313 -1.365347475546495 0.24785230315893703 0
0 0 -1.240117331235593 -1.3613638469668985 0.21965028172918544 0
0 0 2.5183230450991596 1.3483386673357958 0.0641865425539766 0
0 0 0.4731584040544785 -1.3864391390597228 -0.5526156501235144 0
0 0 -0.7167037629816626 -1.3468435250543285 -0.4559222544631512 0
0 0 0.45010048713752626 -1.3383975902090375 0.15392430274466173 0
0 0 2.06617783424666 0.9574401959884027 -0.8192109656954017 0
0 0 -1.2633850422923834 1.2732409370535918 0.7489939598216245 0
0 0 1.8599100538932607 0.23465435917187905 -0.7453966750330291 0
0 0 -0.8863395914044601 1.3107037551096232 -0.6562406032968917 0
0 0 1.3641507979546805 1.3309216084069222 0.2142519423458087 0
0 0 -0.9171395021664428 0.5539802293281462 0.7578088758035666 0
0 0 1.3708499224064319 -0.3020718250240769 0.8214695602770231 0
0 0 2.621765749669743 1.06040163391253 0.8059550822085415 0
0 0 -2.9376234641081886 -0.7256409864750475 -0.8233798837944677 0
0 0 0.2613430167648487 0.430520832836943 0.7407824723691488 0
0 0 -0.8167986070961857 0.8655859789824027 0.7802367498653646 0
0 0 -2.9152749295449025 0.9629898677639395 -0.7583837427949595 0
0 0 -0.13876801648165582 1.351534938593875 -0.11801317429953972 0
0 0 -2.8769479787569914 -1.2324087218485256 -0.8184328685227433 0
0 0 2.1001190708927986 1.1923939255652891 0.8132064092717048 0
0 0 -1.5910584644338257 -1.3546988240666407 -0.6767915314615172 0
0 0 -2.3963429347519813 1.1473986979568986 -0.7588955425498516 0
0 0 -1.8935559893312184 0.7484255905313153 -0.7307756628264596 0
0 0 -2.591589994877415 -0.7295202917073906 -0.7775105133808928 0
0 0 2.4431191611278837 -0.2799786160845845 -0.7976998115327726 0
0 0 1.5059892935110222 1.3971963039932465 0.25486964997040507 0
0 0 -1.397970620735259 1.3037909321216439 0.047597514706450794 0
0 0 0.06877132157365606 1.369009265830147 0.5237041435029295 0
0 0 -1.1902796909638087 -0.06759350924446172 0.8218149331530615 0
0 0 0.3952117351029445 -1.364054941300464 -0.43317006562868654 0
0 0 0.8521211308060703 1.3340032152026857 0.09990690594123852 0
0 0 -0.9447661950528148 -0.1340321205327435 0.8179334161565407 0
0 0 -0.4184983274949108 0.8019343989645564 0.734808348775364 0
0 0 -1.1131699514109075 0.9104514058100526 -0.7387270567956367 0
0 0 -0.022122427772381048 -1.3445020211741197 -0.03928778874097494 0
0 0 0.00036718687138614925 1.3067387222309044 -0.6879128153048534 0
0 0 1.7291378845810517 -0.19779697756161752 -0.7975879685081962 0
0 0 0.7575893711187303 1.371589668718152 0.1829962401237628 0
0 0 1.8917547809713158 -1.0584632395489204 0.739799025712176 0
0 0 -2.2907498024357946 -0.42400592952758975 -0.8245665734726416 0
0 0 0.31606696355452746 1.33414709928169 -0.3229161237139787 0
0 0 2.982837206868158 -0.660497759310471 0.8137115890441051 0
0 0 0.7827458688764266 0.0008775666835845186 0.7288164048342808 0
0 0 -1.7289673077571415 -1.0384611925798382 0.7675061792250726 0
0 0 -3.0807443572087103 1.3096393432405433 0.3444517314918303 0
0 0 0.33043573658665437 -0.612462610378253 0.7442044953541622 0
0 0 -2.0182415240125158 -0.3288643395742329 0.7438093012798478 0
0 0 2.3787512422235295 -0.4039083443719591 -0.7438452778783254 0
0 0 0.07807486635311944 1.3262926740541525 0.6486887268708832 0
0 0 1.0481655626314144 -0.042410370780395334 -0.746928330678706 0
0 0 0.8470044668830998 1.3581788945545845 0.11326572647691602 0
0 0 3.120648533716154 1.3287612905207995 -0.8064355846841083 0
0 0 0.5204145037207826 -0.2494571071523619 0.7495938442844625 0
0 0 -2.4257114740219348 -0.23606511427818289 0.7432075286278442 0
0 0 1.846019911120159 -0.8662181427036258 0.7430927549594207 0
0 0 -2.0496360419693045 0.4031053290060873 -0.7339868117598916 0
0 0 -2.7039160578112167 -1.362525973487747 0.13205006409815712 0
0 0 -0.6761289627316374 -1.3085836428988433 0.38565820195077594 0
0 0 -0.0806191391843396 -1.397838946620303 0.4812123555306729 0
0 0 -2.832946720891989 -1.3347006318259487 -0.1894895851550159 0
0 0 2.6256368198717794 1.3470471364346441 0.6853977879450088 0
0 0 1.4721009709598567 0.3763679564739797 0.7310137265596095 0
0 0 1.7111170992683995 -0.08197767432021119 -0.7356474904179665 0
0 0 0.6663221378672946 1.0486727694873077 -0.8195276113683816 0
0 0 -1.883978150926229 -0.7982857063094293 -0.8135827672230451 0
0 0 -0.5539901197388084 -0.24272032755571726 -0.7252776960740777 0
0 0 2.5863753583908675 0.34275899396210674 -0.7792359471021988 0
0 0 -0.07313858196013312 1.332945112807304 -0.7018948271843075 0
0 0 -0.17441896923111155 0.7439421957501795 0.8211084391281047 0
0 0 -1.7601064829875568 1.2471235581957096 0.7394690571026565 0
0 0 1.1619865113761163 0.22109556077520187 0.7722958906122747 0
0 0 -1.4307445062472046 -0.2549097823314921 -0.778170198861558 0
0 0 -0.33681492369135846 -0.258829746768771 -0.7283931315056715 0
0 0 1.9769464734502389 1.0853700628720258 0.756676083835199 0
0 0 -2.68558409326514 -1.1389090287719308 -0.8176386278838813 0
0 0 -1.5280827793566285 -1.36983838042185 -0.13831547951036682 0
0 0 0.6831030254894372 -1.1602278337780052 0.7706501297807524 0
0 0 1.9490314066453909 0.3840908851706084 0.7883675885301678 0
0 0 1.105101949758443 0.9010100295228718 0.7410084506417801 0
0 0 1.7936591147157444 -1.3410555140092295 -0.042097213192467065 0
0 0 -0.8967568922671068 -0.039799829689224575 -0.7675442065489849 0
0 0 -1.5709244307787702 1.3869526148066444 0.42916541859452506 0
0 0 -1.434479315235787 0.35837501410138617 -0.7560107182426853 0
0 0 -0.9321841792448096 0.9516829626044958 -0.7414485142904066 0
0 0 0.4292048526619867 0.8288930943020325 -0.7526869106811652 0
0 0 -1.7370155114141166 0.20886523548001223 -0.7746106383157884 0
0 0 2.03886252298832 0.5983518992288694 -0.7542438065819624 0
0 0 1.7543978972813585 -0.9329212660614171 0.7717474445090939 0
0 0 -2.352475308051605 -0.9005354003127963 0.8096574259797366 0
0 0 2.8949769708458417 -0.8440380844872171 -0.8223268283879834 0
0 0 0.4526685074636423 -1.2932301893899896 -0.8066774542837006 0
0 0 0.20795883958395267 1.3204915268816955 0.3716460051807877 0
0 0 -2.2910332715842823 -1.2732055517720786 -0.7906773011406871 0
0 0 -2.8109926003821517 -1.3602711752289902 0.37120808796007476 0
0 0 -1.7981011341850595 1.3732141488515142 0.09012192436627808 0
0 0 2.59065233313808 1.392335509340345 0.31902564442751036 0
0 0 1.143007465363775 -0.9889233306579922 0.8049694445412459 0
0 0 2.7368718466111384 -1.3737489067021467 -0.4155677593458378 0
0 0 0.7527867386206721 0.6462024905256218 0.7489294997774028 0
0 0 0.2652489560798248 -0.7673994977705231 0.7460253767909277 0
0 0 -2.5418911705950973 -1.3497019283544394 -0.6090086057926707 0
0 0 1.9448285340785691 -1.3447451894085123 0.5407708971168725 0
0 0 1.6485295664713995 -0.7416565322350188 -0.7285139149015313 0
0 0 -0.6631822284090632 1.3949491824229163 -0.32202091662551857 0
0 0 -1.4707723325196125 0.09063642529745763 0.7499804743928639 0
0 0 -1.2883786558566155 -1.2508142418813875 -0.7652188864347216 0
0 0 -2.4807594705202973 0.1515196419161935 -0.7322410425494886 0
0 0 1.4572511868297182 1.39889138412491 0.08931620592933598 0
0 0 0.05011423811584548 -1.3437911988458693 -0.361597387591799 0
0 0 2.256253365652123 -0.10325215615713268 -0.7898581760915003 0
0 0 -1.7102630170341606 1.3100796335152818 -0.3846043276952504 0
0 0 -0.059275577634306575 1.3123774200999605 -0.65441845214444 0
0 0 1.088141300208469 -0.6289559838391803 -0.7656545404728187 0
0 0 -1.82404691885584 -1.229793784400303 0.7403535175272629 0
0 0 -0.5994574874212195 0.9686472925747747 -0.7352319338461966 0
0 0 1.287540471755376 -1.2235105313414316 0.813874774305059 0
0 0 2.552609648118179 0.9952793554506683 0.7909481030613641 0
0 0 -0.33515728340614226 1.3521507019798886 0.45152902627631675 0
0 0 -0.22248057546909106 1.3165200172337896 -0.5807778828393314 0
0 0 -1.759486060053283 -1.3330307237317551 -0.7715172145197073 0
0 0 -2.6324586949526623 -1.3780704714807424 -0.5754610181648304 0
0 0 -2.933953707073952 -0.8569918285882341 -0.8058354946251107 0
0 0 1.2958183678231991 -0.939321534759229 -0.7510318050766556 0
0 0 0.4300806785217248 -1.399913003051792 0.7193563238097775 0
0 0 1.392807193817995 -0.6537314543523571 0.802701814691201 0
0 0 0.41735403218436407 -0.445332010537661 0.7877688651239358 0
0 0 -0.6780901786312339 -0.5995872526532893 0.7801377202084117 0
0 0 2.8902114917583335 0.9652022282872894 -0.7433587597261445 0
0 0 -0.4582181448540519 0.7412781866582001 0.7499192085134876 0
0 0 2.560861495584075 -1.3676672761422553 0.4737158835291484 0
0 0 1.147950058105792 -0.9262128748043139 -0.7674399667745917 0
0 0 3.0884812631747076 -0.6287394203740376 0.7987393726747575 0
0 0 -2.6076641303607433 -0.4779701032155841 0.7250875140545291 0
0 0 -1.7495631788591772 0.17020655279442254 0.7712951188878547 0
0 0 -2.8605458875476906 -1.3777546869489778 0.44930197256283555 0
0 0 2.4215813972756646 1.0272305696394393 0.7878047399050203 0
0 0 -2.4060962618114625 -1.3347888186833383 0.703678422090499 0
0 0 2.1664301509738007 -1.3422739173494116 -0.760113062780073 0
0 0 1.9880236083913765 -0.05707257421247136 -0.777394566817646 0
0 0 -2.145563925270163 -0.07551780000746278 -0.7398035391484041 0
0 0 0.4865801891429906 1.3695536140119178 -0.3772899105218875 0
0 0 -1.4773344990461905 1.1943477123517174 0.7760335011853479 0
0 0 2.659288716687347 1.302520001645885 -0.4792671090423412 0
0 0 0.8935301099110085 0.3555625814150851 -0.808067101609081 0
0 0 2.0943042233219904 1.1654168335630513 -0.7744768025975604 0
0 0 -0.6792140444548256 -1.3348748533346062 -0.17278325132193784 0
0 0 -1.6136167869696272 -0.48712576853885303 -0.8183031578972768 0
0 0 -2.873080716896761 1.131603565084818 0.7821956276482422 0
0 0 1.455614421841375 0.461665976397053 -0.8142911672127553 0
0 0 -2.0873363563386076 1.344321098440041 0.3180766052082018 0
0 0 0.3608036580489964 1.365325132058269 0.039113445866376106 0
0 0 2.11286385097522 0.42754538112963436 -0.7875441888068493 0
0 0 0.9393195074669531 -1.3843211508018458 0.09992916688282139 0
0 0 -0.17132473836999296 -0.364580756240115 0.7323267416332447 0
0 0 1.3540213570999606 0.37737849593487893 -0.7405392673619324 0
0 0 -2.428394623496182 -1.3284951080398562 -0.4790932159625822 0
0 0 -0.1925850787046679 0.6015269754035921 -0.7924892459864832 0
0 0 -0.6932947735881205 1.3263917612393155 0.34792697455547206 0
0 0 -2.892014022504673 -1.2778446385036875 0.8192832042875523 0
0 0 -2.2013114134794973 -1.3016135846007717 0.4799025116220341 0
0 0 -2.9551926117281786 -0.44309427659443024 -0.802507669170965 0
0 0 -0.24297650725095465 1.3820707060094937 0.786282176166964 0
0 0 1.8308730078237092 0.20958037787825678 -0.784848045193356 0
0 0 -0.8755068060981661 0.4906373267058375 0.7895807260729089 0
0 0 2.060872537647656 -1.0894943826716819 0.7525534873484468 0
0 0 1.0218863913101544 1.252402478013394 0.7592307655104086 0
0 0 -2.7068169570539817 -0.10473680945278496 0.7437851129855352 0
0 0 -2.743056120422896 0.8016236024666046 -0.7797138396677945 0
0 0 0.008835916306615843 -1.376410785286603 0.36603976941848404 0
0 0 3.0256599589678714 -0.19581736357113622 0.7399828232335637 0
0 0 -2.2508008423276946 -1.3935976815930258 0.008387063521823612 0
0 0 1.5157407112394266 0.6864246216465939 0.7300528288524629 0
0 0 2.6135144689943948 -0.48996447969733503 0.8200690047761285 0
0 0 0.33946108837233213 0.7052699034872061 -0.772798711348289 0
0 0 1.1735192298268506 0.55290598721027 -0.7966688026816291 0
0 0 -1.909667108607346 0.719880326825298 -0.7350735799159774 0
0 0 2.8913016285415205 -1.303678231826636 -0.7242149531565106 0
0 0 2.6010053446657366 -0.5393530632575173 0.7604090718901739 0
0 0 -0.7233107620113479 -0.1611038087809158 0.8162775195069761 0
0 0 -0.8349265307710874 -1.398289891331105 0.029859578653141483 0
0 0 1.4485459567940504 -1.0129602583974304 -0.7715515434784617 0
0 0 1.9609853118736327 0.0600703642453293 -0.807133515501387 0
0 0 -2.5036507027314636 -0.21573722410979856 0.7723501664064928 0
0 0 1.811522921123653 1.3686228996730287 0.7064321663936048 0
0 0 0.20547447830957166 1.3289239627622236 -0.5383210003996128 0
0 0 -2.3304631213911846 1.0757020709463363 -0.8113262931043658 0
0 0 2.174044162043738 -0.19380564990595017 0.7535140014682913 0
0 0 -0.3348029008222495 -0.4952441844541603 -0.7521957664523242 0
0 0 3.0031328540302855 1.3968985729384842 0.4465161155620945 0
0 0 -2.674888866465636 -1.28561979774227 0.7571842859495307 0
0 0 -0.1271847653420659 -0.17909132335195888 -0.7371937634074353 0
0 0 1.6821725377769372 1.3135131686192585 0.21116480758460754 0
0 0 0.2157823627403519 1.3437234214363618 -0.6591139648209863 0
0 0 -1.2778693693133996 1.3905424729442135 -0.5959380518139246 0
0 0 0.15594526259575936 -0.31136494418404714 0.7808011888639361 0
0 0 -1.3585291917310125 1.3167983569382933 0.33427125937825863 0
0 0 0.3624298582179466 -0.010464730379981857 0.8151654801525745 0
0 0 1.8180352318454833 -0.4356548826050892 0.8029686404941474 0
0 0 2.414854448787631 1.244380220009498 -0.7370758132069127 0
0 0 -0.386482392142768 -1.355918793955181 -0.13755698464204846 0
0 0 0.6352613570403216 0.905312966687944 -0.7262031512095708 0
0 0 2.8646743597203086 -0.6298041298702967 -0.789806249102566 0
0 0 -2.813648163620295 1.3344330725955464 -0.5302983579298115 0
0 0 -2.2654530888990325 -1.3892451370051655 -0.3484679064711871 0
0 0 -2.9023441909739716 1.052838436828657 -0.7253391432877623 0
0 0 0.4337772544222336 1.2253216996089062 0.7314752571456898 0
0 0 -2.027391478736714 1.063955683486389 0.7973304016500097 0
0 0 0.6927986034519842 1.3268841461926602 -0.1208089064998682 0
0 0 -2.2151080271599506 -1.349779417881427 -0.09619222886078693 0
0 0 -2.8759314196362222 -0.1607321560740702 0.7644454539869879 0
0 0 2.607868214043388 1.3861779259387037 0.7669132752414869 0
0 0 2.3781737485156995 -1.3763399239784273 -0.5154627708588717 0
0 0 1.4963814373771722 -0.009459361100995878 -0.822451819499787 0
0 0 2.566338475754165 0.29595190794893567 -0.823180831185446 0
0 0 -2.3719161643142597 -1.1071327847963797 0.7419719388291817 0
0 0 -0.7211903516179108 -1.1210547148548322 0.7487841090633826 0
0 0 -1.2893546628623136 -0.9255212655796035 0.7860397836295102 0
0 0 0.2012237525992746 -0.33865820061712726 -0.816601734760537 0
0 0 0.25194086454395714 1.3752061496866033 0.6271183110971839 0
0 0 0.7047168697394692 -1.3714372934634598 0.8084858523544789 0
0 0 0.42777598610729184 0.19349445379572217 0.8231100897345388 0
0 0 -0.2634980530701334 0.24783131260975733 -0.8054367335294783 0
0 0 0.31198331931925605 1.0155656806682163 0.8079373470462023 0
0 0 0.9036408571778907 -1.2829949467293837 0.8153375542268632 0
0 0 1.1241898892843416 1.3113612255477447 -0.5289425019534866 0
0 0 -1.1306185800305788 -0.40574703420177827 -0.786341739345364 0
0 0 0.3273121675934956 0.25187095468475595 0.7447045864534068 0
0 0 -1.271587713969389 1.3397147666316425 -0.4145084870102335 0
0 0 2.3811736098410368 -0.47210067637447195 -0.7830251859894984 0
0 0 -0.6881406278095619 1.3131988831359644 -0.2544583078190815 0
0 0 -0.6373531826365446 1.3794730471407657 -0.40019244416235256 0
0 0 -0.7073726198297012 -0.19619308859038243 0.7342245800078347 0
0 0 -0.14889924476689442 0.5990604836495927 -0.7795114503268504 0
0 0 -2.8278731602575107 1.3896367011085113 -0.11530494447727813 0
0 0 2.645084661717436 -1.3479842100226485 0.23745791194800225 0
0 0 0.44304021633940716 -1.3388418156410429 -0.6545758032641932 0
0 0 -2.781484157266729 -0.5547646141997635 -0.7473176682735501 0
0 0 1.348774781020885 0.11803559467643465 -0.8034537245553286 0
0 0 -0.11932959801658116 0.08213685054413644 -0.7689834589431329 0
0 0 2.2258851779261004 -1.3724094767696475 0.13622207819644427 0
0 0 -0.4825306193938519 -1.3226701693349552 0.024726740623222554 0
0 0 -1.682936523590487 0.2872798644437482 -0.7732267979538044 0
0 0 1.3022330532796502 1.327441328659166 0.4309162291977784 0
0 0 -3.063525752398518 -0.4024816328628733 0.7477263400575095 0
0 0 1.6007635002496512 -0.5232612072184942 0.7752135781794465 0
0 0 -0.05482512136817741 0.6789867348965064 0.7749750900170665 0
0 0 0.8827347799917264 -1.350505515769636 -0.10449062312262913 0
0 0 1.0290839263354439 -0.13823349783951144 0.7641454419412435 0
0 0 -1.3941396966959618 0.6931851981461035 -0.7922138646143992 0
0 0 0.4973925931877252 -1.3096261008272745 0.7212531984253154 0
0 0 2.678379973690845 1.0854763306767035 -0.7745645412940353 0
0 0 -2.822944872143803 0.7040654753949578 -0.8027969907069024 0
0 0 1.8110149664664128 -0.3731133505546266 -0.7664536249705759 0
0 0 0.6269978864967598 -1.3556554060517056 0.5057270258423201 0
0 0 -0.15938292174722557 -0.6079181930467341 -0.8089694383751308 0
0 0 -0.2507988456380783 1.3692156447965704 -0.6678458671658201 0
0 0 -0.336257314578841 1.1489242113051643 0.7864784238282979 0
0 0 1.4765235668812435 0.8254945590056544 -0.7948297868507702 0
0 0 1.92304168976362 -1.3501680647204022 0.7495288852713584 0
0 0 1.1947788935384978 0.7978123273938513 0.7570670555166563 0
0 0 -1.5383266134006308 0.12975997039693632 -0.7531295538270948 0
0 0 -0.16892231113226153 0.4684727291061539 -0.7734559249858768 0
0 0 -2.589163967275284 -0.01919344472411555 -0.7567706499407734 0
0 0 0.1735290721172449 -1.198592693720228 0.8017182915794383 0
0 0 -1.6830731902524159 -1.3571209182737125 0.7837840628915567 0
0 0 1.5500269412955312 1.0855921631233933 -0.7689498982179396 0
0 0 1.503935092328586 -1.3657944823464863 -0.7586053663120707 0
0 0 0.7198321210370797 0.0720025939979716 0.7885128845415679 0
0 0 -2.900599049656681 1.3588471410117415 0.3878674681890881 0
0 0 -2.142140394492805 -1.2999555355488612 0.8024347086550949 0
0 0 -0.6060291875456705 0.6830657189810279 0.8056410970497325 0
0 0 -2.425860147218393 -0.40893709092536257 0.7520198203754372 0
0 0 -1.610822459049517 -1.3636141176265875 -0.20987386070548286 0
0 0 1.0203580089701774 -0.22845324047720328 0.7376912237523946 0
0 0 0.625793288023595 -0.5788433244146362 0.7586227006565797 0
0 0 0.34116027928247483 0.34515613136348455 -0.76185899139074 0
0 0 2.8942431553321315 -0.2537079019051687 -0.7880900431107432 0
0 0 -1.7509335395994918 0.6383812522364072 0.8173856325051089 0
0 0 -0.6231548988410194 -0.32941746492150115 0.7467015758317165 0
0 0 -1.430528359073238 -0.5879252233458454 0.8118652549908002 0
0 0 -0.7337716352351387 -0.36246539185755045 -0.7483558441256974 0
0 0 -1.2864117491860776 -0.20569172969173222 0.8198678005827503 0
0 0 -2.9326118732337614 -0.6410662597074532 0.7606852560840739 0
0 0 1.622790088603602 0.26388340757896156 0.73060507767286 0
0 0 -0.5514939707774578 -1.341130445436668 0.48817953002202374 0
0 0 -1.4375689984969307 0.5948964429312946 0.7682076477961776 0
0 0 0.5158859321014915 -1.1976162987329488 0.7357010455839788 0
0 0 -0.3528694825884382 0.1437639342185908 0.807775702844979 0
0 0 2.5005144456568953 -1.3038954289350642 -0.07452896784664365 0
0 0 -0.6355645795262812 -1.3809546678518454 0.16522527381180974 0
0 0 -0.7023077919321885 -1.3132276428407559 0.18526948126199771 0
0 0 -2.272462030793464 -0.9487444007664401 -0.7513333485004455 0
0 0 -2.152310995764415 -1.1103556873050802 -0.7666522695517333 0
0 0 -0.08481549771840546 1.1553920515337814 0.8020381584378249 0
0 0 1.3394430340183696 -0.0813980128691949 -0.7587175419164724 0
0 0 0.032051448629359935 -0.05415560691423771 0.7366898189140166 0
0 0 -1.9254337598539324 -0.35299878810509566 0.8178872572667207 0
0 0 0.02175990916154369 -0.13613878290210102 0.733888787158156 0
0 0 -3.1084039856214347 0.506107079347021 0.7732629476457716 0
0 0 -1.554829377371857 1.3935876946590473 0.20697339421108785 0
0 0 -2.0344786176394805 0.5761079951696382 0.7664096897801235 0
0 0 2.9423138926129617 -1.389993631829285 0.39682623688033414 0
0 0 -1.654896794315573 -0.7907130675073845 -0.7367339628251645 0
0 0 2.689729965757591 -0.05566048954812919 0.730109319231168 0
0 0 0.9486127954318393 0.8492215238243788 0.8170907848949335 0
0 0 1.386664606606109 1.0877868284288057 0.7504818881367497 0
0 0 2.9625984205460663 0.019508410802589582 0.8033359194413165 0
0 0 -0.6058777303359566 1.3831397482923424 -0.682941609385182 0
0 0 1.6592401380143027 -1.3582618047631534 -0.23161173375417876 0
0 0 -2.890226989879402 -1.353647073626247 0.19535347472706266 0
0 0 1.4929050044845917 0.0020189433685779967 -0.8109257914657896 0
0 0 2.5532516614373515 -1.385233950899275 0.4007241556146557 0
0 0 -2.713182491208654 0.21587921126154908 -0.7553701352984843 0
0 0 -0.48977208807470873 -1.2535693381871362 -0.7756349505778533 0
0 0 0.14847787116725586 -0.7378332647197594 -0.7587733173979931 0
0 0 0.6152571064777397 1.3087227440382712 0.3650709665905951 0
0 0 1.442337768080364 1.3995289140397968 0.6730310626300382 0
0 0 -0.41502744167742334 -1.3215825174209417 -0.4887942156233932 0
0 0 1.0455141046582934 1.3671092435172383 0.41064533578010054 0
0 0 0.2669675171091681 1.3813695425304566 -0.22583111643287435 0
0 0 1.2017524211751978 -1.2676923330748562 -0.7487986818485226 0
0 0 -2.1842876138101275 -0.7163685475216431 0.7422595306284289 0
0 0 -0.9905444061645179 0.2790706371007159 -0.7428856634464187 0
0 0 1.8745082053641022 1.3698616065291511 -0.5203126238382738 0
0 0 -2.253601808571282 1.3450512884975925 0.0830215146682648 0
0 0 -0.5908542977599738 -0.5712414498784791 -0.8070062520865173 0
0 0 -1.519395450996398 0.6564053288911829 -0.7972684437789681 0
0 0 2.8042315797607653 1.3670923575028933 0.5816191176735079 0
0 0 -2.4909475728466424 -0.14555985103369928 -0.7585713823981032 0
0 0 -0.496705066565001 -0.7261278470588065 -0.7531166270466274 0
0 0 -2.6440728378355804 1.3008544526385597 -0.3634605690570295 0
0 0 -2.8945054857528323 1.3127913895803003 -0.7322466144500374 0
0 0 0.9059200949087467 -0.7567935747095673 -0.7893340790697045 0
0 0 -1.8701844035240627 -1.3476954422697252 -0.8016439917140046 0
0 0 0.858077940853426 1.0594207143339458 0.820616720436226 0
0 0 -0.5411044508342231 0.8046439108127534 0.7465549627437604 0
0 0 2.3241223856546895 1.3266438734329749 0.590158800646255 0
0 0 -0.01728230190408464 1.3065609904950124 -0.2958205424636292 0
0 0 2.0090839930493773 1.379597047010809 -0.20581154546645253 0
0 0 1.2615332319834431 -0.7917945536542748 0.8031058859181381 0
0 0 1.8519770119327887 0.3628714163957252 -0.7286794844226142 0
0 0 -0.9291973954521962 1.3941280705380008 -0.6770123685099714 0
0 0 3.057523161887489 -1.0346899766308175 0.7903925325224614 0
0 0 0.7038789998068995 1.111663218374005 -0.7652005686038541 0
0 0 -0.8997665486944473 0.939529889703828 -0.8230138969354914 0
0 0 2.3120460888816314 0.6063362452572669 -0.7488797592238814 0
0 0 0.26068101545614786 1.27832735544119 0.8136200576234647 0
0 0 -2.0118145939394028 -0.6488663152689417 -0.7430871518195823 0
0 0 0.9090479695550489 -0.3184679162854106 0.7942232648879335 0
0 0 1.435173763044384 -1.1546499022502776 0.8085762612535426 0
0 0 -2.6483037574550363 0.126287720799793 -0.7496804350780036 0
0 0 -0.3969774647947397 -1.3556130982130619 0.3908182560749105 0
0 0 -1.7903674510634682 1.3755222199550912 0.5151304626910029 0
0 0 -2.6740411738682965 1.3493132141138333 -0.5023452947452945 0
0 0 -2.3996586643683693 -0.31628098726666565 0.741170045506721 0
0 0 -2.542125404460668 1.3881833285327227 0.11858190980075223 0
0 0 -0.9413278448392108 0.4777746222447934 0.7557591751761135 0
0 0 -0.7041262042933756 0.2719394899422587 0.7707575579271685 0
0 0 -2.6700663379686476 1.3680875005790178 0.4384046228904559 0
0 0 1.5704087049114808 -0.9520214803044789 -0.731198923608275 0
0 0 0.3327184718107965 1.3688405810259743 -0.7732567392603682 0
0 0 2.468307971033968 -1.26539787759785 0.8123127491070227 0
0 0 2.565938682393516 1.2882639057294993 0.7526645241103025 0
0 0 0.271392858773706 0.6118882713740206 -0.7290525574483149 0
0 0 2.564503916848344 -0.7240064634344473 -0.7250075340115726 0
0 0 -0.8647403555530753 -1.389720607293671 -0.04040385010820757 0
0 0 2.3982444051331218 -1.374339977827179 -0.5249759750652532 0
0 0 2.0095077514714026 -1.3659632711246459 0.6368786976996494 0
0 0 1.255005591272809 -0.8690066766196057 0.726057306131348 0
0 0 2.2334218758088316 1.2497479628060344 0.7759978459599441 0
0 0 0.6707701111790327 0.7727205405758 0.766509845113243 0
0 0 1.1026572712876552 -1.3118543716060551 -0.028720706356934578 0
0 0 -1.895074187444767 -0.587494516415004 -0.8053189397000156 0
0 0 2.2775223442987516 -1.3027271153209947 0.4913220472336606 0
0 0 3.0555562241644063 1.3481063913343807 0.37215800372817753 0
0 0 1.723297845033195 0.8284875607598232 0.7773095019059918 0
0 0 -0.6454551917906022 -1.0755985440941034 0.7511608806188759 0
0 0 -2.8751390991398544 -1.368054286234716 0.49737263774392426 0
0 0 0.7324889497026255 0.523519347974243 -0.8230006487387844 0
0 0 -2.4506704913387396 1.1087642451530717 -0.7388028075024312 0
0 0 2.705512481906755 1.3505369601211827 -0.2774192790729857 0
0 0 -0.19717590563197618 -1.3511911685581752 -0.4346495796390468 0
0 0 2.6794029933702506 0.7759493240479036 -0.8048074647413078 0
0 0 -0.714562621809733 -1.3819557643271827 0.05878588346663427 0
0 0 -1.5477970266330594 0.6763833974540339 -0.7694482471559482 0
0 0 1.9269439213614916 0.11342134483672517 -0.7282104041710885 0
0 0 -0.6857638880883261 1.3749778859320396 -0.760026550444965 0
0 0 0.800469929419287 1.3064945679478062 -0.4753251815337043 0
0 0 1.6081394304638454 -0.5607985448545587 -0.7358775430326936 0
0 0 1.5708116943863946 0.6878751959714067 0.8174505179019803 0
0 0 -2.7722436284797274 0.18717548927384464 -0.7683177462764181 0
0 0 2.1846247695073098 0.21518613753309768 0.8117257192879682 0
0 0 -2.305252541951046 -0.6088867654288733 -0.7288716867047416 0
0 0 1.9798379784370237 1.3094676857418412 0.45157599884628685 0
0 0 -1.3117524353280081 -1.121265593139004 0.7494899256627428 0
0 0 -0.04395986791977924 0.5919820142553012 -0.7550239261135884 0
0 0 -0.32723470861632054 0.5562060767310324 -0.7601887050592795 0
0 0 2.837261436317174 -1.3502513000810803 0.4575569989367747 0
0 0 -0.8706326160244404 -0.06018753800679755 0.7469359047283441 0
0 0 0.8018229915035993 -1.3866697665197125 0.7536194469446811 0
0 0 2.3327920646403015 -0.35444967979674114 -0.8134870843125139 0
0 0 2.809635934954091 -1.3132888707358052 0.6419202666594093 0
0 0 -2.6756747311903215 1.362206004279905 -0.603798163180438 0
0 0 -0.44135068661805255 0.30551726886019304 -0.7692570708455336 0
0 0 -2.1178434096073078 1.3233258200708553 -0.6522489233890968 0
0 0 -0.9594762312820531 -1.0278375300524472 -0.7533355225588806 0
0 0 1.5926338582599726 1.3132985589427004 0.27772457871097656 0
0 0 -0.9992418644208159 0.6899436500108409 -0.7417494007927815 0
0 0 2.468289933882298 -1.3996255113413167 0.1294641742784105 0
0 0 -0.9279018618760109 -0.6253598525364892 -0.7882944097369136 0
0 0 -0.7299209592662432 -0.14196160807162972 0.734866428854559 0
0 0 -1.11590040672692 -0.48394798751413903 0.7721206858264479 0
0 0 1.4807154723736033 1.3180734305340152 0.6863089894467875 0
0 0 -0.8646676404754152 1.2188718404084067 0.728196996343381 0
0 0 0.1905579834663218 0.02529969903858076 0.7761936348074969 0
0 0 -2.9939113594561424 -0.564454389774724 0.7808561943420982 0
0 0 0.9092735270264969 -0.9510147683462802 -0.8170567788188808 0
0 0 0.19316594759495587 -1.21282693185725 0.7336306600037192 0
0 0 1.7480373634960182 1.3614794004622213 0.6690848259905069 0
0 0 0.11520763983324045 -1.331250549856052 0.6416647128497008 0
0 0 0.3114023553245504 1.3590096515034982 0.08105102110211737 0
0 0 2.162926622067184 1.3485429790533878 -0.4111576958495643 0
0 0 -1.6877752644932815 1.395501133830246 0.2491208845792945 0
0 0 2.8644861092123843 -1.3217798730510242 0.38745939918703876 0
0 0 -3.0053448962152687 1.3207042237680737 -0.4817983232767385 0
0 0 -1.2850078897530455 0.41257350798460046 -0.8033651973744912 0
0 0 -1.8706468463441213 -1.3261797036005425 -0.4993073009970119 0
0 0 -2.6852607486787474 1.3345935878927933 -0.11619399196029778 0
0 0 2.95590201315298 -0.5890526846639501 -0.7827162755210351 0
0 0 -2.12064007265477 -1.2038613818321 -0.7505064663259712 0
0 0 -0.6980291905708338 1.394440525852991 -0.22845342979638228 0
0 0 1.9661104256446258 -0.16434070152238545 -0.7747125200390853 0
0 0 -2.0071330457742276 -0.98406334100818 -0.7546743224304924 0
0 0 1.752170074259479 1.3975812006686006 -0.661593450762963 0
0 0 1.0225621190734193 0.37375390203751246 -0.75799960004534 0
0 0 -0.5953105703090227 0.7673668831541678 -0.7589959179412521 0
0 0 -0.954096282505815 1.3538933894427871 -0.575786435620556 0
0 0 -1.0914379249141728 0.6221226414707544 -0.7381957000039606 0
0 0 -0.12318324642900569 -0.5755649454057541 -0.8021263057520649 0
0 0 -1.50946516380774 -0.021427177642682427 0.802295335439858 0
0 0 -2.293796516580297 1.3917157036846295 -0.25179567610670694 0
0 0 1.1527484813472295 -1.3715626771684313 0.4303525801632808 0
0 0 -1.6754478884598885 1.2302161046089097 -0.733084440624494 0
0 0 2.2646654142555915 -0.3440853846263664 -0.7741408966025715 0
0 0 -0.3960589287577707 0.21144728098767263 0.7872494066866835 0
0 0 1.436816463890521 0.23034019424559338 0.7478438198613728 0
0 0 -2.2510580697467737 1.3674078655174209 -0.3487525464431118 0
0 0 2.0518152118544535 1.1202562887985053 -0.7849037813663071 0
0 0 -3.0635814061487956 0.2796960952633958 0.7637432831437286 0
0 0 1.110234656524022 -1.2543647062723093 0.7719634119736088 0
0 0 -2.55812513225329 -1.331556681666158 -0.4343513665594655 0
0 0 -0.16238015973134523 -1.3345590404390812 -0.46427764744924765 0
0 0 -2.4930337046735183 -1.179611802920217 -0.801271547717548 0
0 0 -0.37620607991297517 -1.3576155821458236 0.6754696316031572 0
0 0 -2.5333803995104107 -1.3532747373420309 0.6321680899827469 0
0 0 2.6864224025931556 0.7155410938574283 -0.780314545527608 0
0 0 3.0364010927056047 0.637598617943921 0.8055826775670054 0
0 0 2.8075494500958733 0.48475295507714233 0.7426613926177988 0
0 0 0.8950692989512481 -1.3004913189550558 -0.5700526596542865 0
0 0 2.8739990237248207 -0.3561563676278403 -0.8182449672115593 0
0 0 -0.4296791378430358 0.8626720227705766 0.7909823688857073 0
0 0 -0.10179914903770282 0.6997961194305968 -0.8116984559723882 0
0 0 3.0572527173048156 1.1913794551164114 -0.7580400534641183 0
0 0 0.1638759622509114 0.792309328730519 -0.7585945484476285 0
0 0 2.676295512937876 -1.3438544371244323 -0.13144858576554042 0
0 0 1.5392552455946849 0.34148086938664246 -0.8222081171603474 0
0 0 -1.9154936185001086 -1.280370869432492 0.7959146444476586 0
0 0 -0.43801930535844225 -1.3058887392904797 0.7833201513021628 0
0 0 -1.2209043903283323 -1.3883092903713397 0.7760111415092752 0
0 0 2.274084961056003 -1.3634487650948048 -0.7849606366274363 0
0 0 -0.7676054983084759 -1.0423640587332499 -0.7538855337979604 0
0 0 2.959941791552099 1.2726854701442243 0.8184955253936874 0
0 0 -2.6408997215331764 0.8289786980830021 -0.7363794513336283 0
0 0 1.8814963430097293 1.3163952114868536 -0.07931612699553348 0
0 0 -2.742452432169242 -1.2687473149638175 -0.8218954222166575 0
0 0 -0.09968031127591237 -1.3161618439549538 -0.6401383517034729 0
0 0 -0.45841125820655027 0.7079805226896749 -0.7784314134713844 0
0 0 -2.7243653404656385 1.0960927912330545 -0.798133529950365 0
0 0 -2.9512314465577565 -1.3998477479614597 -0.7448985412452308 0
0 0 -1.957327752312872 0.9687900296434309 0.7573877810241995 0
0 0 -3.0454165859174114 -0.7142220361784416 -0.7582620879967084 0
0 0 2.077745429422756 1.3278429916451586 0.5876185936965694 0
0 0 2.5443087982961314 -1.3458937116791443 0.6923211725157459 0
0 0 2.6524497236983056 -1.1751243420372293 0.7728084819076277 0
0 0 -2.0966139761639866 -1.3620095087809307 -0.7611944115137849 0
0 0 -0.14189144665222742 -1.340094223494493 -0.47610446087987734 0
0 0 0.2690185205185718 1.2357696217029066 0.733968837615642 0
0 0 -0.4708653260155291 1.392936722185028 0.3846875640352121 0
0 0 0.39387211707964553 -1.0189706627133772 0.8052446361569934 0
0 0 1.2130106258920135 -0.3353360085995599 -0.7295441660411455 0
0 0 -0.11644491929257894 -1.3057658492856672 0.7020946720835743 0
0 0 -2.303536235578243 0.8935560982182207 -0.7489435048508672 0
0 0 -2.0717253802460616 0.736617116845167 0.7608526086120704 0
0 0 0.3935556075663982 0.7255499473987321 -0.8080163634774317 0
0 0 -2.0664850740286393 -0.56970690365942 -0.7829144647158575 0
0 0 2.9813527261727657 1.3531500543110984 0.27834105641916196 0
0 0 -2.5041542780090973 -1.3139333952973329 0.731720835378425 0
0 0 -1.8194257793287096 0.09057809486132906 -0.7821045726877076 0
0 0 0.38535134348702815 1.3521661060684833 0.3638574817978282 0
0 0 1.1095099960875165 -0.8931648628116147 -0.7932525214338839 0
0 0 -3.0706462302734248 -1.3818304680932716 -0.7186217276568907 0
0 0 0.5787009386365609 1.3216109200306783 -0.2139554080046766 0
0 0 -1.7205379035905826 -0.8019515751885438 -0.7384410511384679 0
0 0 0.5353977094639317 1.397645807638541 0.3859875481268167 0
0 0 1.0243255137496252 1.3204556904903466 0.11654654719414814 0
0 0 -1.3718122800702761 -1.3798666174578604 -0.520608151539435 0
0 0 0.8441578397170391 0.5685470950358811 0.7572366961122492 0
0 0 0.908732806983485 -1.356234858117471 0.4232595423795953 0
0 0 -3.00316336151344 1.2716836585386904 -0.7387882951450335 0
0 0 1.8655945793191728 0.5704617023059935 0.8080798327640397 0
0 0 2.4174961970507507 0.6871438205131819 -0.7672680327180441 0
0 0 -0.9242011173483937 1.3155040802558622 0.41735573735732223 0
0 0 -1.4200896324281558 1.3114564502623982 0.4352119068398066 0
0 0 -1.6655352740674827 1.2171091159235428 0.7446174484180634 0
0 0 2.678574012988264 0.8584661300666567 0.7324634425341456 0
0 0 -1.7795286488017812 -0.9224602196265026 -0.7297376894144236 0
0 0 2.2526276044894216 -1.3688994079558174 0.31614635794244017 0
0 0 0.8061348197482014 1.3838529165697657 -0.6268404873829463 0
0 0 2.5783065976382193 1.0096170869253724 0.7508496911914385 0
0 0 1.0832092901615074 -1.3541197128004747 -0.8057854334728557 0
0 0 -2.7742015439428633 -0.23382989201431958 0.7583041631433165 0
0 0 2.5813926767837554 -1.3328435485475958 0.40514675741959993 0
0 0 0.5689420190035097 1.3839913261460293 0.230330473107909 0
0 0 -0.4341658181290886 0.9635101620272957 -0.7721811057385544 0
0 0 -1.799211385889614 -0.6361059590450853 0.8145329583565315 0
0 0 2.8329883486818312 0.09312403861038376 -0.7682439782018984 0
0 0 2.3974008504455604 -0.1927391457006118 0.8066855081306447 0
0 0 -0.9707471247726325 -1.3148405932749643 -0.42665318439219313 0
0 0 -3.045223838909734 0.4933778533669102 -0.7361157899160088 0
0 0 -1.5255589066937578 0.37555023428700385 -0.8209752689102463 0
0 0 -2.65854338919726 0.5887645755154751 0.7604531219116997 0
0 0 1.0360554743133266 1.3819933440293206 -0.6901541694051198 0
0 0 -2.0928523283963227 1.0769879262499995 0.7271239500335618 0
0 0 -0.08956521529761519 1.38901594942519 0.7253320844680293 0
0 0 -0.14654300099182338 1.3864534690416792 -0.2524451608800321 0
0 0 -1.5025118334997973 -0.8629518793264465 -0.7782681865920705 0
0 0 -2.313887987745003 -1.3523807722832417 0.4335151330850089 0
0 0 -1.2187564489315403 1.3937568741659545 -0.41874818355012355 0
0 0 2.043247762734972 1.3632856537653542 0.015064904442999238 0
0 0 -2.0495787539186416 1.3983179566228938 -0.3877558327495223 0
0 0 1.5561250354540919 -0.10359422772606952 0.781992161084398 0
0 0 -2.080063646593178 -1.3108010270579558 0.513352401902851 0
0 0 2.7246616732410995 -1.3966297594538186 0.07862440403005322 0
0 0 -2.480544673376029 -1.3266648700708015 -0.5151441792007917 0
0 0 -1.7733785143203338 -1.2482291042257283 -0.7708277550957597 0
0 0 3.1268909088608003 1.0366094462644615 -0.7623854039081739 0
0 0 2.0757670791400225 -0.13422251378931782 0.8212918401863502 0
0 0 1.2432574812671415 1.3421454377445536 -0.3947625023044129 0
0 0 -1.706763833933756 -0.7924828754222557 -0.7475010454781346 0
0 0 0.512258275044279 -1.3514314058633543 -0.4119247097791726 0
0 0 1.9602726058422961 -1.335610726998234 -0.5431569190071976 0
0 0 2.873121357494143 0.14321692487085969 0.78894819579354 0
0 0 2.2239754971003816 -1.0184257005784028 0.7910798066342501 0
0 0 -1.5833858056345955 -1.392754699244517 0.02141680078887631 0
0 0 0.34545227697085634 -0.5920536633595501 -0.7608855566891926 0
0 0 1.139234106266346 -0.7198655283024187 -0.7621998293837878 0
0 0 1.9038960733905554 1.3717291108227552 -0.5789730362780141 0
0 0 -1.4466686030296956 -0.18928210404439128 0.8117515108018162 0
0 0 1.0926992029631455 -1.3459891246298796 0.44382692426636416 0
0 0 -2.884305289563679 0.7744137381238707 0.8243745693934177 0
0 0 -0.5009053701314343 -0.42680701244250696 0.7764376598286381 0
0 0 -1.1919095677393203 0.8829423063535502 -0.7324459478643125 0
0 0 1.37592810182705 1.0646639681494754 -0.7893065853534725 0
0 0 1.4765299574428372 -1.370968916929057 0.6203194335109325 0
0 0 0.6192086028181225 0.2256174367754087 -0.7540704233053556 0
0 0 0.3277935819203859 0.7265814746296837 0.759111254312508 0
0 0 0.6977506742660284 -1.3307240614638287 -0.371231800038811 0
0 0 0.9517950012981506 -1.3650917721731397 -0.08001329595919948 0
0 0 2.255406660310384 1.3015810657066453 -0.2619616030243316 0
0 0 -2.986189211473365 1.2448157023511153 -0.7625514453291385 0
0 0 -1.2939714631254673 -1.1601536764149005 -0.8077991578294805 0
0 0 1.2345121138755193 -1.0442952140585744 0.7268077591855827 0
0 0 2.790355198235134 0.5919556468043228 0.8015078738263628 0
0 0 2.2454196351233806 0.7534557438311265 0.8221421225461396 0
0 0 -2.1690817467686916 -1.317214735951242 0.8147796700375227 0
0 0 2.3663408377579307 -0.5517981180080728 0.8113237708325116 0
0 0 1.9247668921867662 0.2716208883298352 0.7806146185912415 0
0 0 -0.502500934131223 1.2550195099335208 -0.7820740782251236 0
0 0 -2.3202417687957033 -0.753897567189582 -0.8091486087498916 0
0 0 2.3716709268928753 0.9635684822470576 0.7698404093857968 0
0 0 -0.3394530717542903 0.1855151774207191 0.792239340970971 0
0 0 -0.7126075817277 1.3247044744160499 0.25921434758924544 0
0 0 -1.631848654414938 0.3890387612914341 -0.7496258684825544 0
0 0 2.503575352116262 -0.019651885209136077 0.7848297994829933 0
0 0 2.2580621797611435 -0.3945408632165709 0.7795254893230066 0
0 0 -0.1655621305607129 -0.1644081873477592 0.7536452935146056 0
0 0 -0.6991434331852293 0.3471768023221713 0.7863618102803234 0
0 0 -1.1692680854222732 1.038312148213968 -0.7613776417640987 0
0 0 -1.2898526052081227 -1.3706712984474871 -0.6742395692895214 0
0 0 2.8855376482127486 -1.3791881433955637 0.34622275139101744 0
0 0 -1.6682064507997552 -1.3244174045846457 -0.3569114585257461 0
0 0 -2.79517737013629 1.375346781520506 0.6016337433386447 0
0 0 -0.14289155591001546 1.3698883809792899 0.4029901946864236 0
0 0 -1.5262012732024512 -1.3515202342096426 -0.3589749293432171 0
0 0 2.5769454235090503 0.09738651987505031 0.811166571027778 0
0 0 -2.9967041081694106 0.8274523995074168 0.7381668054472962 0
0 0 0.878118076394494 -1.303499618430865 -0.3965143030801078 0
0 0 1.4241973608101661 -1.365469789270426 0.5839651586809798 0
0 0 -0.8703020906180834 -0.08618212414620796 0.7508925926784208 0
0 0 -0.9672238051177464 0.042291639493527766 -0.7464329580995841 0
0 0 1.1658543613961783 -1.3660426488505781 0.6314552214148255 0
0 0 -1.466178380412455 -1.0890081064969508 0.7616656528880085 0
0 0 -2.310788988791463 1.3964054382275073 -0.658929741583951 0
0 0 0.511774580857149 -0.7329957371284213 0.7656328161185278 0
0 0 -2.800351793802228 0.07570505303682573 0.7381868028582279 0
0 0 -3.121442274168702 1.3267584059748325 0.3339067101816253 0
0 0 0.38370010894249074 -1.314995289001582 -0.051549389801895495 0
0 0 0.668652373842956 0.25174727017586185 0.7611828246735777 0
0 0 -1.964886026629693 0.42126220120361113 -0.7835844186659233 0

